1 116.834737 -26.86176265 0
1 116.8343479 -26.86159644 0
1 116.835312 -26.86155337 0
1 116.834763 -26.8612559 0
1 116.8344671 -26.860949 0
1 116.8351962 -26.86090596 0
1 116.8641578 -26.85878638 0
1 116.8636118 -26.85870573 0
1 116.8638422 -26.85834256 0
1 116.8646104 -26.85829023 0
1 116.8636347 -26.85805442 0
1 116.864304 -26.85797238 0
1 116.8672037 -26.90680842 0
1 116.8667743 -26.90652934 0
1 116.8662076 -26.9064666 0
1 116.867125 -26.90629883 0
1 116.8667425 -26.90614079 0
1 116.8663362 -26.90612697 0
1 116.940107 -26.83064115 0
1 116.939288 -26.83061408 0
1 116.9397301 -26.83051691 0
1 116.9393098 -26.83025638 0
1 116.9399653 -26.83021912 0
1 116.9396629 -26.83002686 0
1 116.9922308 -26.79902753 0
1 116.9916854 -26.79866794 0
1 116.9920467 -26.79863887 0
1 116.9926349 -26.79850701 0
1 116.9919176 -26.79821447 0
1 116.9925273 -26.79820244 0
1 117.0158553 -26.69732308 0
1 117.0155857 -26.69708932 0
1 117.0162506 -26.69691401 0
1 117.0156028 -26.69673287 0
1 117.0159899 -26.69667955 0
1 117.0151679 -26.69667462 0
1 117.100829 -26.69055465 0
1 117.1003891 -26.6903964 0
1 117.1014387 -26.69031598 0
1 117.1005957 -26.69008286 0
1 117.1009833 -26.68998655 0
1 117.1006047 -26.68975122 0
1 116.6934695 -26.86364931 0
1 116.6936478 -26.86332062 0
1 116.6940414 -26.8632896 0
1 116.6933203 -26.86314134 0
1 116.6937033 -26.86286846 0
1 116.693211 -26.8628041 0
1 116.6668406 -26.89933803 0
1 116.6672185 -26.89931543 0
1 116.6674163 -26.89901224 0
1 116.6662461 -26.89899685 0
1 116.6667468 -26.89886652 0
1 116.6667284 -26.8985372 0
1 116.6218064 -26.86551445 0
1 116.6212842 -26.86537575 0
1 116.6209029 -26.86524551 0
1 116.6215552 -26.8651459 0
1 116.6213157 -26.86482903 0
1 116.6217023 -26.86470894 0
1 116.6546554 -26.94980009 0
1 116.6543058 -26.94974251 0
1 116.6546706 -26.9494506 0
1 116.6541233 -26.94929655 0
1 116.6550115 -26.94917777 0
1 116.6544362 -26.94914638 0
1 116.6724458 -27.01275791 0
1 116.672175 -27.01249101 0
1 116.6726368 -27.01237148 0
1 116.6730042 -27.01226492 0
1 116.6721149 -27.0121376 0
1 116.6726141 -27.01183359 0
1 116.7350932 -27.064051 0
1 116.7346521 -27.06377204 0
1 116.7350836 -27.06373297 0
1 116.7355048 -27.06359146 0
1 116.7345242 -27.06347706 0
1 116.7350736 -27.06318188 0
1 116.7249639 -27.1277451 0
1 116.7244788 -27.12761172 0
1 116.7253562 -27.12752396 0
1 116.72481 -27.12735838 0
1 116.7243436 -27.12729381 0
1 116.7250609 -27.12713489 0
1 116.7629117 -26.75105893 0
1 116.7625575 -26.75091742 0
1 116.7622003 -26.75086269 0
1 116.7629698 -26.75068538 0
1 116.7626113 -26.7505664 0
1 116.7623293 -26.75031413 0
1 116.8051831 -26.72196954 0
1 116.804825 -26.72182196 0
1 116.8052278 -26.72161204 0
1 116.8048879 -26.72149799 0
1 116.8056073 -26.72145067 0
1 116.8051392 -26.7210817 0
1 116.7246455 -26.71301029 0
1 116.7254415 -26.71294601 0
1 116.7249871 -26.71276996 0
1 116.7253592 -26.71246997 0
1 116.7244722 -26.71244078 0
1 116.7250109 -26.71240162 0
1 116.6800136 -26.68502194 0
1 116.68042 -26.68492442 0
1 116.6797942 -26.68475295 0
1 116.6802073 -26.68455895 0
1 116.6798236 -26.68435075 0
1 116.6802394 -26.68422371 0
1 116.6251835 -26.66182297 0
1 116.6254968 -26.66167166 0
1 116.6252045 -26.66138529 0
1 116.6248273 -26.66136125 0
1 116.6254442 -26.6610729 0
1 116.624883 -26.66097569 0
1 116.5451252 -26.70516682 0
1 116.5456485 -26.70502359 0
1 116.5447999 -26.70481708 0
1 116.545211 -26.70474727 0
1 116.5455289 -26.70460178 0
1 116.5448255 -26.70440634 0
1 116.4524529 -26.60137603 0
1 116.4531277 -26.60115535 0
1 116.4525616 -26.60097952 0
1 116.4530302 -26.60081559 0
1 116.4522037 -26.60076504 0
1 116.4525903 -26.60061774 0
1 116.7487056 -26.83071613 0
1 116.7521821 -26.83541352 0
1 116.7573157 -26.83866691 0
1 116.7634128 -26.84003677 0
1 116.7696499 -26.83933804 0
1 116.7751841 -26.8366651 0
1 116.779268 -26.83237908 0
1 116.78135 -26.82705897 0
1 116.7811492 -26.82142336 0
1 116.778693 -26.81623338 0
1 116.7743134 -26.81218984 0
1 116.7686018 -26.80983872 0
1 116.7623295 -26.80949743 0
1 116.7563432 -26.81121205 0
1 116.7514512 -26.8147511 0
1 116.748314 -26.81963675 0
1 116.7473556 -26.82520928 0
1 116.7610651 -26.8360485 0
1 116.7658545 -26.83638002 0
1 116.770454 -26.83513692 0
1 116.7742421 -26.83248713 0
1 116.7767072 -26.8287886 0
1 116.7775165 -26.8245409 0
1 116.7765609 -26.82031775 0
1 116.7739695 -26.81668947 0
1 116.7700926 -26.81414601 0
1 116.7654535 -26.81303078 0
1 116.7606787 -26.81349438 0
1 116.7564128 -26.8154742 0
1 116.7532319 -26.81870293 0
1 116.7515656 -26.8227446 0
1 116.7516391 -26.82705339 0
1 116.7534426 -26.8310474 0
1 116.7567328 -26.83418715 0
1 116.7675347 -26.81619885 0
1 116.7638947 -26.81577403 0
1 116.7603295 -26.8165576 0
1 116.7573204 -26.81844376 0
1 116.7552739 -26.82117782 0
1 116.7544662 -26.82439058 0
1 116.7550067 -26.82764814 0
1 116.7568223 -26.83051056 0
1 116.7596681 -26.83259119 0
1 116.7631595 -26.833609 0
1 116.7668251 -26.83342649 0
1 116.7701695 -26.83206832 0
1 116.7727412 -26.82971795 0
1 116.7741926 -26.82669286 0
1 116.774328 -26.82340165 0
1 116.7731291 -26.8202888 0
1 116.7707579 -26.81777471 0
1 116.7600692 -26.83033255 0
1 116.762624 -26.8313729 0
1 116.7654253 -26.83151496 0
1 116.7680945 -26.83073955 0
1 116.7702713 -26.82915142 0
1 116.7716615 -26.82696507 0
1 116.7720774 -26.82447581 0
1 116.771463 -26.82201984 0
1 116.7699013 -26.81992883 0
1 116.7676032 -26.81848516 0
1 116.764879 -26.81788378 0
1 116.7620967 -26.8182059 0
1 116.7596319 -26.81940802 0
1 116.7578175 -26.82132781 0
1 116.7568986 -26.82370602 0
1 116.7569992 -26.82622148 0
1 116.7581059 -26.82853446 0
1 116.7691077 -26.82157173 0
1 116.7675247 -26.82027431 0
1 116.7655261 -26.81957757 0
1 116.763382 -26.8195756 0
1 116.7613819 -26.82026865 0
1 116.7597959 -26.82156315 0
1 116.7588381 -26.82328428 0
1 116.758638 -26.8251996 0
1 116.7592226 -26.82705044 0
1 116.7605129 -26.82858683 0
1 116.7623349 -26.82960126 0
1 116.7644422 -26.8299567 0
1 116.7665504 -26.82960514 0
1 116.7683746 -26.82859407 0
1 116.7696685 -26.82706006 0
1 116.7702573 -26.8252103 0
1 116.7700616 -26.82329462 0
1 116.7656959 -26.82616213 0
1 116.7638444 -26.82390208 0
1 116.7652199 -26.82526649 0
1 116.7631025 -26.82522622 0
1 116.7647773 -26.8246256 0
1 116.7642328 -26.82304955 0
1 116.7642587 -26.82409112 0
1 116.7643703 -26.82511158 0
1 116.7655744 -26.82412009 0
1 116.7629315 -26.82423299 0
1 116.7634497 -26.82421895 0
1 116.7660855 -26.82346334 0
1 116.764434 -26.82567182 0
1 116.7648241 -26.82542328 0
1 116.7639977 -26.82458089 0
1 116.76235 -26.82468264 0
1 116.7648536 -26.82389246 0
1 116.7660333 -26.82406202 0
1 116.7639692 -26.82518608 0
1 116.7649743 -26.8249436 0
1 116.7661303 -26.82456892 0
1 116.7664076 -26.82523075 0
1 116.7652657 -26.82572229 0
1 116.7639449 -26.82339374 0
1 116.7655391 -26.82334585 0
1 116.7635051 -26.82313511 0
1 116.7645575 -26.82352794 0
1 116.7647429 -26.82638202 0
1 116.7639194 -26.82581751 0
1 116.7651615 -26.8235747 0
1 116.7655796 -26.82548882 0
1 116.7651775 -26.8229872 0
1 116.7637741 -26.82626328 0
1 116.7664875 -26.82408735 0
1 116.7635732 -26.82539742 0
1 116.7629533 -26.82581547 0
1 116.7652621 -26.82465247 0
1 116.763197 -26.82474328 0
1 116.7651991 -26.82641603 0
1 116.762365 -26.82416394 0
1 116.7635821 -26.82456678 0
1 116.7665961 -26.82445807 0
1 116.7623279 -26.82532 0
1 116.7650416 -26.82433314 0
1 116.7637493 -26.82664257 0
1 116.7626395 -26.82374404 0
1 116.7661076 -26.8259025 0
1 116.7626087 -26.82497719 0
1 116.7645825 -26.82273373 0
1 116.7664695 -26.82569579 0
1 116.7648189 -26.8232324 0
1 116.7642184 -26.82614823 0
1 116.7631868 -26.82369673 0
1 116.7656619 -26.82448297 0
1 116.7667313 -26.82487753 0
1 116.7627309 -26.82551227 0
1 116.7648979 -26.82592941 0
1 116.7634101 -26.82598422 0
1 116.764414 -26.82444769 0
1 116.7658658 -26.82509463 0
1 116.7629985 -26.82624787 0
1 116.7633453 -26.8264584 0
1 116.7635748 -26.8249937 0
1 116.7630736 -26.82321345 0
1 116.763844 -26.82278994 0
1 116.7643541 -26.82669943 0
1 116.7627885 -26.8246428 0
1 116.7655856 -26.8229407 0
1 116.76573 -26.82369721 0
1 116.7641936 -26.82368477 0
1 116.7660719 -26.82551409 0
1 116.7664051 -26.82368991 0
1 116.7648915 -26.82674109 0
1 116.7625325 -26.82582826 0
1 116.7654736 -26.82497225 0
1 116.7666724 -26.8263833 0
1 116.7667323 -26.82676355 0
1 116.7622904 -26.82229899 0
1 116.765972 -26.826839 0
1 116.7612261 -26.82372357 0
1 116.7653602 -26.82771786 0
1 116.7629317 -26.82694292 0
1 116.7676874 -26.82328829 0
1 116.7625644 -26.82669249 0
1 116.7667464 -26.82291964 0
1 116.7634749 -26.82719424 0
1 116.761812 -26.82557159 0
1 116.7650765 -26.82726871 0
1 116.7627641 -26.82259065 0
1 116.7611171 -26.82415185 0
1 116.7625562 -26.82717255 0
1 116.7613688 -26.82453504 0
1 116.7630783 -26.82180883 0
1 116.7676562 -26.82601498 0
1 116.7618341 -26.82409023 0
1 116.7615063 -26.82307081 0
1 116.7655319 -26.82243768 0
1 116.7674813 -26.82421677 0
1 116.7658067 -26.82737004 0
1 116.7657743 -26.82652234 0
1 116.7637154 -26.82186055 0
1 116.7632722 -26.82248305 0
1 116.7672443 -26.82577807 0
1 116.7663785 -26.8222438 0
1 116.7639572 -26.82233733 0
1 116.7617887 -26.82271556 0
1 116.7672322 -26.82373648 0
1 116.7619552 -26.82510197 0
1 116.766025 -26.8220672 0
1 116.7650688 -26.82202391 0
1 116.7623618 -26.82616532 0
1 116.764569 -26.82726582 0
1 116.7632117 -26.82754169 0
1 116.7619306 -26.82322368 0
1 116.7612722 -26.82592916 0
1 116.7625916 -26.82337129 0
1 116.7662543 -26.82643736 0
1 116.7642128 -26.82162727 0
1 116.7670239 -26.82321699 0
1 116.7668953 -26.82544012 0
1 116.7617877 -26.82359653 0
1 116.7645957 -26.82200787 0
1 116.7664847 -26.82324162 0
1 116.7676787 -26.82483275 0
1 116.7621427 -26.82679528 0
1 116.76728 -26.82637699 0
1 116.76167 -26.82676571 0
1 116.7619853 -26.82645224 0
1 116.7613319 -26.82551082 0
1 116.7639868 -26.82754237 0
1 116.7670361 -26.82407189 0
1 116.7663923 -26.8270072 0
1 116.7671616 -26.82270323 0
1 116.765508 -26.82189009 0
1 116.7612425 -26.8251259 0
1 116.7679584 -26.82542389 0
1 116.7623745 -26.82276627 0
1 116.7647477 -26.82150614 0
1 116.7629329 -26.82224217 0
1 116.7619677 -26.82606404 0
1 116.7671585 -26.82679451 0
1 116.7642101 -26.8270993 0
1 116.7663979 -26.82737195 0
1 116.7678476 -26.8243953 0
1 116.7669699 -26.82607546 0
1 116.766436 -26.82262022 0
1 116.7673229 -26.82462112 0
1 116.7644017 -26.82236807 0
1 116.7667764 -26.82242357 0
1 116.7668133 -26.82360228 0
1 116.7608895 -26.82448039 0
1 116.7607716 -26.82561331 0
1 116.7692363 -26.82537137 0
1 116.7600421 -26.82595094 0
1 116.7651875 -26.82067366 0
1 116.7654471 -26.82851033 0
1 116.7625148 -26.82829217 0
1 116.7639783 -26.82837847 0
1 116.7689187 -26.82619805 0
1 116.7605068 -26.82665012 0
1 116.7639656 -26.82042955 0
1 116.761501 -26.82242644 0
1 116.7681193 -26.8270427 0
1 116.7668498 -26.82813455 0
1 116.7692076 -26.82456854 0
1 116.7654809 -26.82094254 0
1 116.7661431 -26.82772179 0
1 116.7606019 -26.82358528 0
1 116.7682524 -26.82609241 0
1 116.7604633 -26.82318797 0
1 116.7664429 -26.82796436 0
1 116.7660164 -26.82819704 0
1 116.7645729 -26.82905447 0
1 116.7675314 -26.8272293 0
1 116.7624586 -26.82102651 0
1 116.7608847 -26.82265242 0
1 116.7632865 -26.82846086 0
1 116.7607345 -26.8248991 0
1 116.7644769 -26.82087515 0
1 116.7681699 -26.82333821 0
1 116.7682301 -26.82405862 0
1 116.7609425 -26.82325877 0
1 116.7670937 -26.82111671 0
1 116.7620155 -26.82838396 0
1 116.761514 -26.82714452 0
1 116.7606783 -26.8240858 0
1 116.7683888 -26.82562744 0
1 116.7687784 -26.82469982 0
1 116.7685575 -26.82320781 0
1 116.7690802 -26.82405775 0
1 116.7649354 -26.82816363 0
1 116.7610518 -26.82753365 0
1 116.7636056 -26.82064889 0
1 116.7619803 -26.82774132 0
1 116.766841 -26.82140473 0
1 116.7674363 -26.82199448 0
1 116.7645559 -26.82803094 0
1 116.7687968 -26.82531355 0
1 116.7605768 -26.8222711 0
1 116.7673223 -26.82536053 0
1 116.7632579 -26.82895034 0
1 116.7636043 -26.82802599 0
1 116.7597497 -26.82468815 0
1 116.7654147 -26.82888176 0
1 116.7603688 -26.82456628 0
1 116.7655075 -26.82811287 0
1 116.7661761 -26.82039503 0
1 116.7657018 -26.8202479 0
1 116.766237 -26.82094143 0
1 116.7658354 -26.82114907 0
1 116.7658449 -26.82066268 0
1 116.7665811 -26.82070712 0
1 116.7594636 -26.82551953 0
1 116.760274 -26.82553979 0
1 116.7595995 -26.82505079 0
1 116.7594016 -26.82601535 0
1 116.7590858 -26.82572952 0
1 116.7599512 -26.82528523 0
1 116.7681086 -26.82825993 0
1 116.767695 -26.82807374 0
1 116.7677415 -26.82757413 0
1 116.7673268 -26.82826665 0
1 116.7680177 -26.82785018 0
1 116.7672243 -26.82788292 0
1 116.7538711 -26.81000821 0
1 116.7517809 -26.81028127 0
1 116.7496267 -26.81075126 0
1 116.7474272 -26.8114327 0
1 116.7452036 -26.81233907 0
1 116.7429795 -26.81348262 0
1 116.7407808 -26.81487405 0
1 116.738636 -26.81652227 0
1 116.7365756 -26.81843404 0
1 116.7346324 -26.82061377 0
1 116.7328409 -26.82306315 0
1 116.7312377 -26.82578088 0
1 116.7298606 -26.8287624 0
1 116.7287488 -26.83199959 0
1 116.7279424 -26.8354805 0
1 116.7274817 -26.83918911 0
1 116.7274074 -26.84310512 0
1 116.7277597 -26.84720372 0
1 116.7285778 -26.85145542 0
1 116.7298995 -26.85582596 0
1 116.7317606 -26.86027619 0
1 116.7341942 -26.86476203 0
1 116.7372299 -26.86923453 0
1 116.7408933 -26.87363987 0
1 116.7452056 -26.87791958 0
1 116.7559457 -26.84079784 0
1 116.7573282 -26.8422716 0
1 116.7589346 -26.84368947 0
1 116.760769 -26.84502915 0
1 116.7628329 -26.84626698 0
1 116.7651255 -26.84737812 0
1 116.7676431 -26.84833664 0
1 116.7703793 -26.84911581 0
1 116.7733239 -26.84968826 0
1 116.7764638 -26.85002628 0
1 116.779782 -26.85010207 0
1 116.7832576 -26.8498881 0
1 116.7868659 -26.84935742 0
1 116.7905781 -26.84848407 0
1 116.7943613 -26.84724346 0
1 116.7981781 -26.84561282 0
1 116.8019874 -26.84357163 0
1 116.8057437 -26.8411021 0
1 116.8093976 -26.83818965 0
1 116.8128957 -26.83482344 0
1 116.8161814 -26.8309968 0
1 116.8191946 -26.82670782 0
1 116.8218721 -26.8219598 0
1 116.8241487 -26.81676176 0
1 116.8259569 -26.81112889 0
1 116.784477 -26.82270096 0
1 116.7851553 -26.82084052 0
1 116.7856599 -26.81883652 0
1 116.7859671 -26.81669787 0
1 116.7860535 -26.81443594 0
1 116.7858955 -26.8120647 0
1 116.7854701 -26.80960083 0
1 116.7847553 -26.80706379 0
1 116.78373 -26.80447588 0
1 116.7823746 -26.80186222 0
1 116.7806716 -26.79925083 0
1 116.7786055 -26.79667252 0
1 116.7761638 -26.79416086 0
1 116.7733368 -26.79175202 0
1 116.7701185 -26.78948467 0
1 116.766507 -26.78739974 0
1 116.7625044 -26.78554016 0
1 116.758118 -26.7839506 0
1 116.7533602 -26.7826771 0
1 116.7482489 -26.78176669 0
1 116.742808 -26.7812669 0
1 116.7370677 -26.78122531 0
1 116.7310647 -26.78168894 0
1 116.7248427 -26.7827037 0
1 116.7184523 -26.78431371 0
1 116.7603847 -26.82724146 0
1 116.760138 -26.82408655 0
0 116.7644482 -26.82472208 0
