1 6985.020175 -4106.067537 -5.15013008
1 6946.363256 -4087.629955 -5.096042092
1 7042.174174 -4082.91079 -5.198000422
1 6987.635118 -4049.920473 -5.116925087
1 6958.248518 -4015.899365 -5.063207102
1 7030.706519 -4011.170598 -5.13962357
1 9908.988683 -3778.250641 -8.816356654
1 9854.735266 -3769.272091 -8.727019557
1 9877.663559 -3729.050355 -8.738708969
1 9954.010653 -3723.312061 -8.853954423
1 9857.067532 -3697.108033 -8.688184477
1 9923.588851 -3688.069991 -8.786009672
1 10207.37065 -9099.409742 -14.68358862
1 10164.74086 -9068.45293 -14.57125727
1 10108.45264 -9061.456133 -14.47186966
1 10199.59883 -9042.940139 -14.59047429
1 10161.61685 -9025.398499 -14.50492648
1 10121.25765 -9023.834862 -14.43857474
1 17461.01452 -667.9161702 -23.91996805
1 17379.59883 -664.8044456 -23.6974241
1 17423.56908 -654.0985701 -23.81619626
1 17381.82039 -625.1741483 -23.69944781
1 17446.99399 -621.13563 -23.8768771
1 17416.96425 -599.7916485 -23.79280625
1 22648.5342 2826.655044 -40.81436653
1 22594.36738 2866.594691 -40.64029052
1 22630.30655 2869.75121 -40.76904633
1 22688.81654 2884.256155 -40.98334928
1 22617.55444 2916.797514 -40.74528604
1 22678.17855 2918.021577 -40.96097241
1 25019.76022 14090.99786 -64.67906027
1 24992.98155 14116.95101 -64.63180159
1 25059.19784 14136.24421 -64.93437862
1 24994.76071 14156.44218 -64.72671224
1 25033.30501 14162.27323 -64.89078314
1 24951.49371 14162.98089 -64.57200007
1 33478.14575 14821.35261 -105.1053878
1 33434.41328 14839.00246 -104.9173738
1 33538.90199 14847.63561 -105.4857914
1 33455.06507 14873.68772 -105.106768
1 33493.66683 14884.25578 -105.3339994
1 33456.05712 14910.42957 -105.1981621
1 -7053.462297 -4315.149785 -5.364077154
1 -7035.764269 -4278.720663 -5.319885575
1 -6996.652444 -4275.261889 -5.274559865
1 -7068.320519 -4258.874392 -5.342512114
1 -7030.276982 -4228.617729 -5.280267727
1 -7079.20317 -4221.513882 -5.329619567
1 -9696.638817 -8271.273135 -12.75422066
1 -9659.099197 -8268.740293 -12.69399894
1 -9639.475042 -8235.131422 -12.62064352
1 -9755.727345 -8233.515337 -12.79518273
1 -9705.997555 -8219.036316 -12.70060128
1 -9707.853693 -8182.548603 -12.65628935
1 -14174.68603 -4527.800747 -17.3548433
1 -14226.59527 -4512.490979 -17.45943808
1 -14264.50207 -4498.102985 -17.5338348
1 -14199.69427 -4486.993087 -17.38145892
1 -14223.53354 -4451.910362 -17.4098418
1 -14185.13124 -4438.561087 -17.31502888
1 -10902.29836 -13863.56492 -24.44916494
1 -10937.01855 -13857.21491 -24.49470314
1 -10900.8228 -13824.83962 -24.3621941
1 -10955.18376 -13807.81755 -24.41822425
1 -10866.99826 -13794.57945 -24.23868798
1 -10924.1278 -13791.15165 -24.32876688
1 -9130.654622 -20838.06299 -40.73095063
1 -9157.551322 -20808.50842 -40.67254307
1 -9111.730625 -20795.23135 -40.56345862
1 -9075.277337 -20783.39823 -40.47277071
1 -9163.544669 -20769.35448 -40.5529278
1 -9114.027109 -20735.633 -40.37179157
1 -2911.978722 -26518.537 -56.05138054
1 -2955.742195 -26487.63816 -55.94250113
1 -2912.939304 -26483.29818 -55.904716
1 -2871.160753 -26467.60926 -55.82035538
1 -2968.437441 -26454.95603 -55.81211539
1 -2913.945644 -26422.23616 -55.65073786
1 -3914.575571 -33576.35719 -89.9929994
1 -3962.673632 -33561.59256 -89.944608
1 -3875.690249 -33551.84091 -89.8396491
1 -3929.847032 -33533.51137 -89.77591761
1 -3976.088874 -33526.37143 -89.76684658
1 -3904.980305 -33508.74006 -89.62985523
1 -152.8393946 8161.887927 -5.248640271
1 -188.072763 8177.566652 -5.269758566
1 -223.604467 8183.630114 -5.278718086
1 -147.0605257 8203.277054 -5.301852938
1 -182.7216992 8216.45948 -5.319822374
1 -210.7735102 8244.410365 -5.356925045
1 4053.036202 11384.32201 -11.49463541
1 4017.411282 11400.68506 -11.50147685
1 4057.496376 11423.93101 -11.56862383
1 4023.681039 11436.57842 -11.5699881
1 4095.261579 11441.79832 -11.62492221
1 4048.69956 11482.69467 -11.66905716
1 -3960.593445 12377.02553 -13.2944364
1 -3881.389361 12384.17231 -13.2597158
1 -3926.610631 12403.6643 -13.32543182
1 -3889.594769 12436.91524 -13.36782137
1 -3977.857435 12440.12185 -13.42850404
1 -3924.254978 12444.47753 -13.40385817
1 -8403.764637 15475.92101 -24.39645696
1 -8363.323023 15486.75291 -24.3697508
1 -8425.621038 15505.70972 -24.497963
1 -8384.519524 15527.23184 -24.4964407
1 -8422.724285 15550.27429 -24.60314639
1 -8381.349018 15564.3776 -24.58324075
1 -13863.79826 18041.51105 -40.69420863
1 -13832.62781 18058.31107 -40.67434403
1 -13861.76033 18090.00769 -40.82779486
1 -13899.31312 18092.62976 -40.91693822
1 -13837.93588 18124.64558 -40.87489532
1 -13893.81467 18135.35554 -41.02688071
1 -21825.31597 13227.84244 -51.09853356
1 -21773.25969 13243.80215 -50.95400849
1 -21857.75298 13266.53754 -51.29028666
1 -21816.85764 13274.34328 -51.16668042
1 -21785.25094 13290.51797 -51.09256016
1 -21855.28359 13312.05187 -51.37711047
1 -31075.34416 24708.28101 -123.7371129
1 -31008.19532 24732.8969 -123.5063768
1 -31064.62424 24752.23916 -123.856176
1 -31017.99692 24770.51678 -123.7006898
1 -31100.33753 24775.91578 -124.1224687
1 -31061.86274 24792.32976 -123.9991834
1 -1564.858195 -664.2428947 -0.2265879214
1 -1219.2346 -1184.680035 -0.2269933655
1 -708.9466158 -1545.119571 -0.2274079593
1 -102.911463 -1696.882148 -0.22761528
1 517.0224532 -1619.471388 -0.2275071055
1 1067.129622 -1323.342043 -0.227139901
1 1473.115023 -848.4880225 -0.2267053542
1 1680.148076 -259.0409928 -0.2264303073
1 1660.267822 365.3909584 -0.2264583525
1 1416.159199 940.4748359 -0.226774873
1 980.7904287 1388.542375 -0.227214673
1 412.9604763 1649.079573 -0.2275482017
1 -210.6420768 1686.899436 -0.2276013723
1 -805.7962501 1496.894183 -0.2273464328
1 -1292.123175 1104.725077 -0.2269164479
1 -1603.941705 563.3567265 -0.22653585
1 -1699.13902 -54.0960712 -0.2264032836
1 -336.2713837 -1254.981889 -0.1329057815
1 139.7880218 -1291.710995 -0.1329451965
1 596.9682804 -1153.987373 -0.132803264
1 973.5246649 -860.4113624 -0.1325540714
1 1218.601149 -450.6320293 -0.132327701
1 1299.098795 20.00765635 -0.1322423218
1 1204.145951 487.9451972 -0.1323425117
1 946.566523 889.9830353 -0.1325759835
1 561.1480414 1171.823733 -0.132820875
1 99.94340738 1295.403142 -0.1329493679
1 -374.7591376 1244.031179 -0.132894391
1 -798.8483844 1024.645912 -0.1326846407
1 -1115.04873 666.8765362 -0.1324295992
1 -1280.655567 219.0417892 -0.1322623829
1 -1273.302772 -258.3757652 -0.1322702707
1 -1093.983383 -700.8982407 -0.1324491298
1 -766.9154755 -1048.760525 -0.1327055934
1 306.8462473 944.3756437 -0.07761891421
1 -55.02222675 991.4497115 -0.07765731558
1 -409.4596442 904.623002 -0.07758793751
1 -708.5972678 695.6219433 -0.07744699304
1 -912.034904 392.6732867 -0.07730804746
1 -992.2971725 36.69192674 -0.07724362475
1 -938.5442095 -324.2448812 -0.0772873512
1 -758.0356502 -641.3906212 -0.07741639338
1 -475.150176 -871.9130038 -0.07756339135
1 -128.0930377 -984.6787037 -0.07765161247
1 236.2637752 -964.4580885 -0.07763500539
1 568.7118561 -813.9820641 -0.07752223685
1 824.3522495 -553.5732516 -0.07737217463
1 968.6593037 -218.4013039 -0.07726314983
1 982.1435514 146.26695 -0.07725207787
1 862.9838702 491.1810419 -0.07734473991
1 627.2734354 769.7584123 -0.07749277557
1 -435.2858241 -621.6525821 -0.04528075154
1 -181.3251283 -736.9171455 -0.04534673819
1 97.12453084 -752.656965 -0.04535661935
1 362.4569839 -666.7462908 -0.04530523364
1 578.8376129 -490.7878354 -0.0452194074
1 717.0430148 -248.5457633 -0.04514393901
1 758.4077842 27.26379132 -0.04511822605
1 697.34538 299.3912199 -0.04515568965
1 542.102618 531.0842052 -0.04523677902
1 313.6458936 691.0513258 -0.04531916609
1 42.82955326 757.6881356 -0.04535984969
1 -233.7711555 721.9949642 -0.04533759216
1 -478.7997744 588.7923721 -0.04526401338
1 -659.1638307 376.0701076 -0.04517751735
1 -750.504159 112.5574912 -0.04512325311
1 -740.484742 -166.1566381 -0.04512954242
1 -630.4587574 -422.4303927 -0.04519310267
1 463.2085939 349.052712 -0.02640486036
1 305.836767 492.8122048 -0.02645586232
1 107.15999 570.0146785 -0.02649044096
1 -105.9893375 570.2335114 -0.02649054581
1 -304.8242176 493.4391488 -0.026456123
1 -462.490898 350.0030949 -0.0264051409
1 -557.69562 159.2971836 -0.02636420865
1 -577.5804581 -52.92269504 -0.0263546933
1 -519.4598549 -257.9950705 -0.02638156029
1 -391.1833198 -428.223782 -0.02643078265
1 -210.0753098 -540.6184989 -0.02647667051
1 -0.5954651667 -579.9996919 -0.0264952657
1 208.9648004 -541.0487126 -0.02647686606
1 390.3032117 -429.0261066 -0.02643107417
1 518.9290116 -259.0611476 -0.02638179175
1 577.4705729 -54.10854508 -0.02635474645
1 558.0215335 158.1517163 -0.02636405501
1 124.0261212 -159.5587198 -0.003210241018
1 -60.02027788 90.85650106 -0.0009323809622
1 76.70881488 -60.3214109 -0.0007475558157
1 -133.7746704 -55.85940514 -0.001647699913
1 32.71956079 10.69002102 -9.286892112e-05
1 -21.41566622 185.3171001 -0.002740780964
1 -18.83654671 69.91083816 -0.0004127425858
1 -7.748144847 -43.15658605 -0.0001513936708
1 111.9513208 66.70035969 -0.001332243886
1 -150.7717363 54.19028362 -0.002012118596
1 -99.2610054 55.74700591 -0.001016629847
1 162.7585459 139.4687473 -0.003607275493
1 -1.408747541 -105.231612 -0.0008723337288
1 37.3659639 -77.69355096 -0.000584804542
1 -44.78491421 15.64373262 -0.0001763999331
1 -208.5757476 4.368474362 -0.003409585087
1 40.29754712 91.9227895 -0.0007927318596
1 157.577178 73.13397529 -0.002366483023
1 -47.61357254 -51.41163685 -0.0003857790535
1 52.29436474 -24.54468148 -0.0002616839069
1 167.2106615 16.96864332 -0.002213012493
1 194.7827298 -56.36281887 -0.0032224422
1 81.26425233 -110.823798 -0.001484684356
1 -50.03413512 147.1813111 -0.001902269401
1 108.4414158 152.4867633 -0.002752613265
1 -93.75170371 175.8373326 -0.003123759105
1 10.861168 132.3112998 -0.001388057192
1 29.29951693 -183.9229935 -0.002731559529
1 -52.56667419 -121.374432 -0.001376763013
1 70.90431501 127.1307195 -0.001666804048
1 112.4727444 -84.95614067 -0.001559470765
1 72.49518917 192.2258351 -0.003322006571
1 -67.00609092 -170.7663169 -0.002648498707
1 202.7257834 70.32730302 -0.003609137431
1 -86.97898342 -74.82814009 -0.001033670479
1 -148.5999803 -121.1497012 -0.002885892869
1 80.9127305 7.712772847 -0.0005175652148
1 -124.3796624 -2.34951255 -0.00121237554
1 74.64047147 -187.6916501 -0.003211059653
1 -207.0882877 61.84053593 -0.00366084952
1 -86.09338324 17.20741891 -0.0006039808628
1 213.5181307 29.25108853 -0.003638902532
1 -210.7787406 -66.25153818 -0.003826160472
1 58.98622961 43.09441286 -0.0004188428543
1 -69.47118549 -212.7921195 -0.003944432986
1 -179.7997483 108.3658237 -0.003457470869
1 164.9595009 -130.792713 -0.00347910156
1 -182.8654958 -28.26738543 -0.002682600379
1 13.34932034 220.3111504 -0.003836794647
1 200.928262 -107.8896975 -0.004079543738
1 36.85534411 165.0576272 -0.002252182956
1 -22.84662054 -158.0183903 -0.002007543
1 -125.3917948 113.6088579 -0.002248313267
1 120.6535126 26.49290859 -0.001195694152
1 226.9574307 -17.22592345 -0.004058629851
1 -170.7086013 -87.55514885 -0.002886709856
1 44.70492439 -133.7726968 -0.001566006738
1 -103.1905101 -139.8461459 -0.002374511997
1 -3.396931268 30.40246379 -7.370286784e-05
1 140.9208228 -41.27935748 -0.001689933402
1 -144.111964 -169.0599159 -0.003878076225
1 -109.631707 -192.3860283 -0.003856715649
1 -86.82020019 -30.09628322 -0.0006618469073
1 -136.6510923 167.1565428 -0.003663572091
1 -60.06623503 214.0821304 -0.003892364914
1 -9.349919984 -219.0917719 -0.003787480678
1 -164.983819 8.783341411 -0.002138459016
1 113.0657233 197.3781254 -0.004069874619
1 127.4254204 113.5556557 -0.002287639149
1 -25.3123987 114.9351909 -0.001090637469
1 161.4040373 -87.75638259 -0.002647405439
1 194.5350923 114.3640689 -0.00399481298
1 44.06844229 -223.7074808 -0.004093744813
1 -190.4306288 -122.5671765 -0.004024108001
1 101.9302492 -27.71954722 -0.0008744503221
1 221.1039908 -184.0664833 -0.006498262633
1 227.0563895 -226.198736 -0.008068663031
1 -214.5100925 268.4781248 -0.009281922503
1 151.4730855 -234.5578227 -0.006130671261
1 -320.3017247 110.6313213 -0.009001113909
1 90.65829606 -331.93539 -0.009321866305
1 -150.7458762 -246.0722341 -0.006549331307
1 322.0069568 158.8606347 -0.01011061076
1 -187.2597074 -218.3243433 -0.006501272777
1 228.46051 199.7092732 -0.007230181034
1 -96.74801442 -273.917595 -0.006642794749
1 -262.0613276 -94.12858832 -0.00607791558
1 62.46128218 -282.1685833 -0.006576533179
1 -167.4177027 236.1629218 -0.006588506121
1 -331.139065 63.17796103 -0.008904572299
1 -188.0769898 -271.5150689 -0.008577420246
1 -306.1212422 20.72092732 -0.007375057359
1 -136.186757 322.7891637 -0.009659311824
1 318.8987041 -143.2581671 -0.009583284326
1 -259.8602746 70.00728069 -0.005676092172
1 -292.4572886 182.9588438 -0.009336952371
1 107.7264198 253.1128383 -0.005955056908
1 301.5207879 55.98479198 -0.007369109195
1 135.0448678 -293.3973171 -0.008208612918
1 131.819282 -199.4711333 -0.004495066914
1 -72.84801364 317.0596421 -0.008333351434
1 -116.9061879 248.0855791 -0.005918148749
1 277.9547523 -117.0070313 -0.007130735645
1 191.8901011 274.5933777 -0.008823330869
1 -48.80753597 264.2324868 -0.005685634247
1 -264.3847461 222.320875 -0.009368794439
1 276.7548414 109.2025762 -0.006939543852
1 -247.827044 -42.09502544 -0.004951057312
1 156.7502259 294.1618451 -0.00874016177
1 61.69123796 298.9592869 -0.007337561371
1 -207.4032071 -159.9142401 -0.005383998675
1 12.00828969 -281.8480805 -0.006267956201
1 -122.9114577 -312.4156921 -0.008870872665
1 -250.2732518 166.0216855 -0.007077859718
1 -315.7178778 -133.7494903 -0.009217691726
1 -184.5605506 149.6672191 -0.004432730184
1 179.5347301 -190.0554803 -0.005370046749
1 -23.40411369 342.9074008 -0.009304088394
1 256.0446941 166.7623663 -0.007326196499
1 243.2593235 -79.56207194 -0.005134333954
1 -264.4738456 124.7085807 -0.006704501559
1 14.66729245 300.7360219 -0.00714018909
1 202.4430733 164.0343541 -0.005329864788
1 321.1397055 -12.26637082 -0.008091090695
1 -229.180798 -229.714004 -0.008270819718
1 281.4980448 -183.3685407 -0.008856003815
1 -276.1690022 -226.4389223 -0.01001337201
1 -244.8252224 -191.7051564 -0.007590183121
1 -309.7885123 -87.3966458 -0.008119780003
1 -45.86316224 -312.4899528 -0.007855811902
1 257.2586406 72.03846354 -0.005593420509
1 193.257731 -253.1943832 -0.007975054621
1 269.7358616 223.6871073 -0.009640694276
1 105.3523826 313.7860712 -0.008624467519
1 -318.6736638 -44.74803741 -0.00811334655
1 348.9383423 -77.76610284 -0.01001480912
1 -206.1475378 216.7032776 -0.007027843931
1 29.77778594 356.3288392 -0.01006979767
1 -150.6377077 274.7749476 -0.007724238956
1 -246.5755208 -148.6929527 -0.006504399039
1 269.4206441 -229.6298576 -0.009839557296
1 -23.66442709 -263.3981784 -0.005508212165
1 193.8138647 -293.6094582 -0.009732470936
1 337.932311 36.20319952 -0.009049499127
1 250.6767596 -149.9580518 -0.006693918238
1 197.6041966 232.8866368 -0.007330676504
1 285.7735623 11.18361478 -0.006407591513
1 -4.623990326 260.8262375 -0.005359826248
1 231.449363 254.6739906 -0.0093049338
1 235.1168862 124.0721431 -0.00554306299
1 -353.769284 26.77399128 -0.009860899995
1 -365.4792647 -98.75407955 -0.01123235676
1 475.9759934 -71.95111152 -0.01815587477
1 -437.9945767 -136.1662424 -0.01648898141
1 73.49627191 448.5680647 -0.01627097765
1 99.29181492 -419.7416102 -0.01464872795
1 -192.1879231 -395.5702421 -0.01521779816
1 -46.71491495 -405.1308315 -0.013098115
1 444.4012485 -163.5462626 -0.01757817848
1 -391.7992852 -213.6342937 -0.01562031437
1 -47.97887432 475.6149422 -0.01799688123
1 -292.9813488 254.3550322 -0.01182011416
1 364.9299355 -257.1320826 -0.01564026209
1 238.7327484 -378.1061961 -0.01572488618
1 473.1273269 17.00364092 -0.01755909803
1 102.6605258 418.7757905 -0.01463824414
1 168.4790087 -332.3716944 -0.01092451426
1 -382.3561163 125.9519712 -0.01270244339
1 378.1679673 -151.8387458 -0.0130192954
1 -396.138278 169.9743203 -0.01456903033
1 198.2890854 -359.2491844 -0.01324512794
1 155.8907968 -385.0291643 -0.01357995775
1 12.39438411 -480.0321174 -0.01816104317
1 306.4898105 -277.8055191 -0.01343739626
1 -197.7883954 409.4700721 -0.01627023399
1 -354.2514184 229.3152231 -0.01397287934
1 -115.4807417 -414.2599393 -0.01456103563
1 -369.1735736 -19.61962617 -0.01070718236
1 2.851682756 426.2422244 -0.0143101689
1 369.9732746 153.3283107 -0.01257481372
1 375.9584787 73.50602595 -0.01149848145
1 -348.5010633 162.130857 -0.01158495539
1 262.9905568 399.4754389 -0.01798706502
1 -241.8223825 -405.7418706 -0.01754733943
1 -291.6756068 -268.4118365 -0.01233907631
1 -374.7654946 70.4948089 -0.01139416856
1 391.7228372 -100.3211748 -0.01281367042
1 430.455114 2.459052682 -0.01451618675
1 408.4990751 167.7756887 -0.0152897071
1 460.4616592 73.5998143 -0.01703664019
1 48.43045018 -381.3270229 -0.01163643701
1 -337.6174249 -311.5289138 -0.01657340036
1 -83.76690613 451.3120675 -0.01659199307
1 -245.322668 -334.5368946 -0.01352929698
1 237.8702743 367.562735 -0.0150734734
1 297.0496261 302.2170672 -0.01410625574
1 10.70174304 -366.623994 -0.01059551385
1 432.2821894 -65.54228529 -0.01497753723
1 -384.8594316 271.564343 -0.01741186188
1 285.7037738 -70.74437451 -0.006788796978
1 -118.3204526 -468.4953821 -0.01838386915
1 -83.88712697 -366.0759282 -0.0111061957
1 -467.0715042 3.750800202 -0.01709139235
1 96.07648539 -460.8961796 -0.0174540022
1 -405.5296012 17.25642604 -0.0129067702
1 105.3019042 -375.7024434 -0.01198599739
1 171.771914 479.4394727 -0.02041569303
1 124.6225448 495.7422236 -0.02057306697
1 177.8267556 418.8978902 -0.01629795128
1 137.9029976 395.891033 -0.01383403256
1 138.8465009 449.7832257 -0.0174440502
1 212.0359513 444.8589849 -0.01910890902
1 -495.5048052 -88.36801248 -0.01984942299
1 -414.9447372 -90.60934426 -0.01413511573
1 -481.9984539 -36.43048235 -0.01830463225
1 -501.6718525 -143.3051533 -0.02133361425
1 -533.0630161 -111.6362492 -0.02324231625
1 -447.0400937 -62.40485711 -0.01596253342
1 363.8586224 -392.0013322 -0.02247449288
1 322.7449231 -371.3711414 -0.01902268108
1 327.3699674 -316.0138943 -0.01626123408
1 286.1518208 -392.744163 -0.01856344427
1 354.8280296 -346.6006321 -0.01932495185
1 275.9621396 -350.226843 -0.01562673381
1 -1051.591039 1630.262536 -0.2959598984
1 -1259.398012 1599.988231 -0.3258794585
1 -1473.564629 1547.889552 -0.3588156407
1 -1692.227625 1472.35924 -0.3950786995
1 -1913.281708 1371.901274 -0.4350121927
1 -2134.379635 1245.159702 -0.4789964672
1 -2352.935129 1090.948765 -0.5274524552
1 -2566.128892 908.2840852 -0.5808457352
1 -2770.917968 696.4146643 -0.6396909299
1 -2964.048664 454.8553987 -0.704556424
1 -3142.073264 183.4197833 -0.7760694335
1 -3301.370715 -117.7475606 -0.854921458
1 -3438.171437 -448.1389314 -0.941874138
1 -3548.586405 -806.8526017 -1.037765583
1 -3628.64058 -1192.563344 -1.143517202
1 -3674.310745 -1603.494924 -1.260141135
1 -3681.567756 -2037.395084 -1.388748344
1 -3646.423146 -2491.513565 -1.530557507
1 -3564.979997 -2962.58372 -1.686904792
1 -3433.487905 -3446.808326 -1.859254721
1 -3248.401814 -3939.850156 -2.049212247
1 -3006.444423 -4436.827932 -2.258536274
1 -2704.671797 -4932.318233 -2.48915484
1 -2340.541734 -5420.363958 -2.743182214
1 -1911.984385 -5894.489893 -3.022938191
1 -845.0960783 -1781.236808 -0.3058430361
1 -707.6777122 -1944.522822 -0.3370423938
1 -548.0030231 -2101.616388 -0.3713975744
1 -365.6813889 -2250.047491 -0.4092209474
1 -160.5478614 -2387.196622 -0.4508559761
1 67.3119692 -2510.310285 -0.4966806779
1 317.5375178 -2616.519642 -0.5471115095
1 589.4694855 -2702.862411 -0.6026077461
1 882.1272309 -2766.308079 -0.6636763626
1 1194.187606 -2803.786479 -0.730877487
1 1523.965658 -2812.219737 -0.8048304493
1 1869.397603 -2788.557555 -0.8862204712
1 2228.026518 -2729.81575 -0.9758060442
1 2596.991177 -2633.117946 -1.074427008
1 2973.018494 -2495.74023 -1.183013393
1 3352.420026 -2315.158564 -1.302595025
1 3731.092981 -2089.09867 -1.434311965
1 4104.526193 -1815.58806 -1.579425784
1 4467.81148 -1493.009814 -1.739331712
1 4815.660813 -1120.157664 -1.915571743
1 5142.429684 -696.2918479 -2.10984869
1 5442.147017 -221.1951936 -2.324041297
1 5708.551952 304.7712393 -2.560220489
1 5935.137758 880.6136294 -2.820666853
1 6115.203098 1504.65274 -3.1078895
1 1991.067553 223.7850528 -0.3145108283
1 2058.528579 429.9122034 -0.3465251715
1 2108.723829 651.9478649 -0.3818313976
1 2139.310637 888.9068934 -0.4207676975
1 2147.938048 1139.529172 -0.4637053277
1 2132.273519 1402.266433 -0.511051587
1 2090.032126 1675.271121 -0.5632530771
1 2019.00817 1956.387629 -0.620799325
1 1917.109082 2243.14625 -0.6842268014
1 1782.391431 2532.760203 -0.7541234275
1 1613.098855 2822.126062 -0.8311336271
1 1407.701653 3107.827951 -0.9159639984
1 1164.937734 3386.145811 -1.00938974
1 883.8546103 3653.068087 -1.112261888
1 563.8520096 3904.309111 -1.225515488
1 204.7247061 4135.331462 -1.350178838
1 -193.2949337 4341.373556 -1.487383889
1 -629.4952066 4517.482656 -1.638377947
1 -1102.644703 4658.553487 -1.804536802
1 -1610.953925 4759.372556 -1.987379398
1 -2152.039544 4814.668241 -2.188584186
1 -2722.891984 4819.166659 -2.410007254
1 -3319.847049 4767.653234 -2.653702373
1 -3938.562338 4655.039821 -2.921943067
1 -4573.999209 4476.43718 -3.21724679
1 -403.9329422 -279.1559585 -0.01891977326
1 -428.4737188 70.41023574 -0.01477285268
0 116.7644482 -26.82472208 0
