 1.08522856100708e+02 -1.39613879897732e+02 -2.45780705228071e-03 
-5.25177431562852e+01  7.94994384363570e+01 -7.13845448814254e-04 
 6.71202130292702e+01 -5.27812345481638e+01 -5.72339946593559e-04 
-1.17052836629976e+02 -4.88769795074269e+01 -1.26151346428216e-03 
 2.86296156915546e+01  9.35376839005084e+00 -7.11003706115321e-05 
-1.87387079485449e+01  1.62152462650784e+02 -2.09837573466132e-03 
-1.64819783667274e+01  6.11719833912381e+01 -3.15998898102521e-04 
-6.77962674144528e+00 -3.77620127976566e+01 -1.15908748616889e-04 
 9.79574057223673e+01  5.83628147412156e+01 -1.01998900966294e-03 
-1.31925269315514e+02  4.74164981859475e+01 -1.54051974137204e-03 
-8.68533797342613e+01  4.87786301780786e+01 -7.78348880473345e-04 
 1.42413727780616e+02  1.22035153992666e+02 -2.76178472002186e-03 
-1.23265409901150e+00 -9.20776604904765e+01 -6.67866715943433e-04 
 3.26952184202847e+01 -6.79818570926047e+01 -4.47735026135376e-04 
-3.91867999384035e+01  1.36882660458739e+01 -1.35052160609384e-04 
-1.82503779221003e+02  3.82241506896083e+00 -2.61044764879625e-03 
 3.52603537307764e+01  8.04324408216643e+01 -6.06925842646433e-04 
 1.37880030777089e+02  6.39922284023256e+01 -1.81182051957052e-03 
-4.16618759705027e+01 -4.49851822468247e+01 -2.95360480553342e-04 
 4.57575691524922e+01 -2.14765962915897e+01 -2.00349206629369e-04 
 1.46309328883481e+02  1.48475629109147e+01 -1.69432370602429e-03 
 1.70434888656479e+02 -4.93174665363815e+01 -2.46716098018851e-03 
 7.11062208023558e+01 -9.69708232688303e+01 -1.13669511340930e-03 
-4.37798682421620e+01  1.28783647253471e+02 -1.45639982085299e-03 
 9.48862388904093e+01  1.33425917958530e+02 -2.10744308862587e-03 
-8.20327407844540e+01  1.53857666098504e+02 -2.39158834599351e-03 
 9.50352200386795e+00  1.15772387334762e+02 -1.06270882978521e-03 
 2.56370773203960e+01 -1.60932619422329e+02 -2.09130881518149e-03 
-4.59958399228120e+01 -1.06202628048387e+02 -1.05406641764461e-03 
 6.20412756485358e+01  1.11239379635051e+02 -1.27612184400760e-03 
 9.84136513895293e+01 -7.43366231032794e+01 -1.19395745319650e-03 
 6.34332905524687e+01  1.68197605838239e+02 -2.54336606811023e-03 
-5.86303295798932e+01 -1.49420527392482e+02 -2.02771936643842e-03 
 1.77385060597063e+02  6.15363901807979e+01 -2.76322390171302e-03 
-7.61066105085707e+01 -6.54746225907068e+01 -7.91391213589066e-04 
-1.30024982834191e+02 -1.06005988590710e+02 -2.20949170939377e-03 
 7.07986391951607e+01  6.74867624198430e+00 -3.96259116222986e-04 
-1.08832204609468e+02 -2.05582348113064e+00 -9.28221934295315e-04 
 6.53104125658720e+01 -1.64230193925140e+02 -2.45842202804170e-03 
-1.81202251861334e+02  5.41104689660592e+01 -2.80282300499834e-03 
-7.53317103367907e+01  1.50564915460050e+01 -4.62417473077181e-04 
 1.86828364471367e+02  2.55947024825972e+01 -2.78601392586353e-03 
-1.84431398149619e+02 -5.79700959419895e+01 -2.92937898611001e-03 
 5.16129509116795e+01  3.77076112582605e+01 -3.20673395636462e-04 
-6.07872873407541e+01 -1.86193104660183e+02 -3.01990399169938e-03 
-1.57324779850997e+02  9.48200958306228e+01 -2.64710287092385e-03 
 1.44339563356104e+02 -1.14443623918339e+02 -2.66366290197340e-03 
-1.60007308896495e+02 -2.47339622630820e+01 -2.05384981624057e-03 
 1.16806553017364e+01  1.92772256713035e+02 -2.93748943221317e-03 
 1.75812229387751e+02 -9.44034853305211e+01 -3.12336950440084e-03 
 3.22484261070506e+01  1.44425423811713e+02 -1.72430202769647e-03 
-1.99907929773668e+01 -1.38266091593884e+02 -1.53699538824981e-03 
-1.09717820444788e+02  9.94077507141558e+01 -1.72134295478799e-03 
 1.05571823524254e+02  2.31812950245205e+01 -9.15447914239920e-04 
 1.98587752024729e+02 -1.50726830246075e+01 -3.10736898441633e-03 
-1.49370026181804e+02 -7.66107552756443e+01 -2.21011842650043e-03 
 3.91168088488198e+01 -1.17051109689276e+02 -1.19895033045481e-03 
-9.02916963530900e+01 -1.22365377726980e+02 -1.81796462611317e-03 
-2.97231486038577e+00  2.66021558177548e+01 -5.64267705751575e-05 
 1.23305720010553e+02 -3.61194378076268e+01 -1.29384795444132e-03 
-1.26097968564406e+02 -1.47927426472447e+02 -2.96910752740587e-03 
-9.59277437016183e+01 -1.68337774869138e+02 -2.95276034709957e-03 
-7.59676751743723e+01 -2.63342478175697e+01 -5.06724590236374e-04 
-1.19569705810927e+02  1.46261975056715e+02 -2.80489023482033e-03 
-5.25579556843808e+01  1.87321864189425e+02 -2.98003646175005e-03 
-8.18117999121900e+00 -1.91705300508914e+02 -2.89973717664793e-03 
-1.44360841713549e+02  7.68542373672923e+00 -1.63724097326368e-03 
 9.89325079138233e+01  1.72705859820369e+02 -3.11594736884047e-03 
 1.11497242873800e+02  9.93611988114545e+01 -1.75145432213242e-03 
-2.21483488663999e+01  1.00568292059169e+02 -8.35003258508493e-04 
 1.41228532703757e+02 -7.67868347956817e+01 -2.02690401747319e-03 
 1.70218205838804e+02  1.00068560306746e+02 -3.05850547853481e-03 
 3.85598870289735e+01 -1.95744045785476e+02 -3.13421901456934e-03 
-1.66626800319457e+02 -1.07246279506390e+02 -3.08092694839956e-03 
 8.91889680707868e+01 -2.42546038241068e+01 -6.69494727651099e-04 
 1.93465992184079e+02 -1.61058173026884e+02 -4.97517371859146e-03 
 1.98674341044251e+02 -1.97923894219220e+02 -6.17749795624434e-03 
-1.87696331225679e+02  2.34918359520469e+02 -7.10637732601072e-03 
 1.32538949969822e+02 -2.05238095090962e+02 -4.69372687844327e-03 
-2.80264009512306e+02  9.68024062415575e+01 -6.89142351313166e-03 
 7.93260091645866e+01 -2.90443466684407e+02 -7.13693266854420e-03 
-1.31902641803097e+02 -2.15313205049493e+02 -5.01426035795305e-03 
 2.81756087672794e+02  1.39003055555966e+02 -7.74086434549304e-03 
-1.63852244135655e+02 -1.91033800595310e+02 -4.97746878698990e-03 
 1.99902946450056e+02  1.74745614239690e+02 -5.53554963700265e-03 
-8.46545127053091e+01 -2.39677895861503e+02 -5.08580795074920e-03 
-2.29303661892099e+02 -8.23625148559018e+01 -4.65336582266929e-03 
 5.46536219614029e+01 -2.46897510639441e+02 -5.03506804892595e-03 
-1.46490489978157e+02  2.06642556752327e+02 -5.04425090781524e-03 
-2.89746682245742e+02  5.52807159812581e+01 -6.81752113068868e-03 
-1.64567366276344e+02 -2.37575685605089e+02 -6.56700241968622e-03 
-2.67856087230742e+02  1.81308114281440e+01 -5.64649879520651e-03 
-1.19163412575219e+02  2.82440518672778e+02 -7.39528699003245e-03 
 2.79036366490598e+02 -1.25350896397866e+02 -7.33714390136697e-03 
-2.27377740459333e+02  6.12563706569521e+01 -4.34573045680153e-03 
-2.55900127909143e+02  1.60088988563414e+02 -7.14853175227859e-03 
 9.42606173979920e+01  2.21473733745172e+02 -4.55926697151199e-03 
 2.63830689700453e+02  4.89866930392348e+01 -5.64193795306878e-03 
 1.18164259442750e+02 -2.56722652777950e+02 -6.28461601714037e-03 
 1.15341871858089e+02 -1.74537241733162e+02 -3.44148270552580e-03 
-6.37420120144379e+01  2.77427187231346e+02 -6.38011554379148e-03 
-1.02292914470274e+02  2.17074881905135e+02 -4.53100810408102e-03 
 2.43210408528713e+02 -1.02381152464306e+02 -5.45943002202165e-03 
 1.67903838689869e+02  2.40269205837340e+02 -6.75526875117782e-03 
-4.27065940158396e+01  2.31203426173413e+02 -4.35299201072326e-03 
-2.31336653160038e+02  1.94530765897592e+02 -7.17290827789441e-03 
 2.42160486494452e+02  9.55522542890965e+01 -5.31304888363593e-03 
-2.16848663654606e+02 -3.68331472907200e+01 -3.79063085507525e-03 
 1.37156447883807e+02  2.57391614785470e+02 -6.69158867769681e-03 
 5.39798332797412e+01  2.61589376302243e+02 -5.61772412221728e-03 
-1.81477806365418e+02 -1.39924960245965e+02 -4.12207546726506e-03 
 1.05072534885674e+01 -2.46617070643073e+02 -4.79881519041214e-03 
-1.07547525635574e+02 -2.73363730954463e+02 -6.79165205220045e-03 
-2.18989095612422e+02  1.45268974979616e+02 -5.41893416068717e-03 
-2.76253143448453e+02 -1.17030804149759e+02 -7.05723634310829e-03 
-1.61490481874857e+02  1.30958816818198e+02 -3.39377245487071e-03 
 1.57092888969618e+02 -1.66298545366016e+02 -4.11139234624613e-03 
-2.04785995063481e+01  3.00043976181264e+02 -7.12330957232155e-03 
 2.24039107590935e+02  1.45917070720882e+02 -5.60906786424198e-03 
 2.12851908217513e+02 -6.96168130047584e+01 -3.93094413696815e-03 
-2.31414615136614e+02  1.09120008265700e+02 -5.13309560807329e-03 
 1.28338809076288e+01  2.63144019465832e+02 -5.46660926383424e-03 
 1.77137689288007e+02  1.43530059970600e+02 -4.08063106889500e-03 
 2.80997242636845e+02 -1.07330744806829e+01 -6.19470145068046e-03 
-2.00533198492232e+02 -2.00999753743093e+02 -6.33226496442774e-03 
 2.46310789553504e+02 -1.60447473308788e+02 -6.78031287829128e-03 
-2.41647877304509e+02 -1.98134057327249e+02 -7.66640009656783e-03 
-2.14222069859137e+02 -1.67742012032917e+02 -5.81117059969927e-03 
-2.71064948644031e+02 -7.64720651720084e+01 -6.21666139074151e-03 
-4.01302670070331e+01 -2.73428709017303e+02 -6.01450132081993e-03 
 2.25101310720617e+02  6.30336556546937e+01 -4.28243254935978e-03 
 1.69100514866301e+02 -2.21545085589204e+02 -6.10582083700706e-03 
 2.36018879268381e+02  1.95726219216315e+02 -7.38107993133497e-03 
 9.21833348817386e+01  2.74562812689720e+02 -6.60299177759782e-03 
-2.78839456152631e+02 -3.91545327861498e+01 -6.21173708187683e-03 
 3.05321049987995e+02 -6.80453400889332e+01 -7.66753632809269e-03 
-1.80379095746543e+02  1.89615368089262e+02 -5.38062422407393e-03 
 2.60555627382323e+01  3.11787734806886e+02 -7.70954334598173e-03 
-1.31807994386868e+02  2.40428079439833e+02 -5.91377813479710e-03 
-2.15753580932135e+02 -1.30106333780871e+02 -4.97987980882186e-03 
 2.35743063988713e+02 -2.00926125746541e+02 -7.53332748010394e-03 
-2.07063737177015e+01 -2.30473406313363e+02 -4.21715441099479e-03 
 1.69587131861129e+02 -2.56908276312842e+02 -7.45131408952204e-03 
 2.95690772535049e+02  3.16777996279790e+01 -6.92847970849186e-03 
 2.19342164841379e+02 -1.31213295502449e+02 -5.12497910061427e-03 
 1.72903672193429e+02  2.03775807417937e+02 -5.61247782435714e-03 
 2.50051867264107e+02  9.78566293781686e+00 -4.90578127191466e-03 
-4.04599154017689e+00  2.28222957965445e+02 -4.10353774347527e-03 
 2.02518192934337e+02  2.22839742114509e+02 -7.12399391289864e-03 
 2.05727275616936e+02  1.08563125307957e+02 -4.24386852902359e-03 
-3.09548123943080e+02  2.34272424063981e+01 -7.54970707617453e-03 
-3.19794357175387e+02 -8.64098197596865e+01 -8.59971276416616e-03 
 4.16478995409623e+02 -6.29572227637747e+01 -1.39005044646225e-02 
-3.83245255608650e+02 -1.19145462387670e+02 -1.26242852992675e-02 
 6.43092380811678e+01  3.92497057623202e+02 -1.24572463618335e-02 
 8.68803382504721e+01 -3.67273909765242e+02 -1.12152366765201e-02 
-1.68164433090967e+02 -3.46123962661741e+02 -1.16509400048415e-02 
-4.08755506665191e+01 -3.54489478335359e+02 -1.00280645496866e-02 
 3.88851093470069e+02 -1.43102980132544e+02 -1.34581878525850e-02 
-3.42824375403555e+02 -1.86930007439657e+02 -1.19591964571839e-02 
-4.19815151490741e+01  4.16163075624063e+02 -1.37786148735586e-02 
-2.56358680715271e+02  2.22560653558693e+02 -9.04967684893165e-03 
 3.19313694357710e+02 -2.24990572872633e+02 -1.19744583950734e-02 
 2.08891155404085e+02 -3.30842922373393e+02 -1.20391915242521e-02 
 4.13986412169236e+02  1.48781858472381e+01 -1.34436047475273e-02 
 8.98279603152338e+01  3.66428817556468e+02 -1.12072057435739e-02 
 1.47419132857107e+02 -2.90825233126889e+02 -8.36395617513119e-03 
-3.34561602426026e+02  1.10207975056052e+02 -9.72523538880665e-03 
 3.30896972045204e+02 -1.32858902812681e+02 -9.96782663879259e-03 
-3.46620994002849e+02  1.48727530617861e+02 -1.11543261353901e-02 
 1.73502950092450e+02 -3.14343037009513e+02 -1.01406427790067e-02 
 1.36404447450033e+02 -3.36900519440347e+02 -1.03969877859811e-02 
 1.08450861317055e+01 -4.20028103916982e+02 -1.39043019187852e-02 
 2.68178584761501e+02 -2.43079829719734e+02 -1.02878874111951e-02 
-1.73064846426149e+02  3.58286313998774e+02 -1.24566976590188e-02 
-3.09969991784221e+02  2.00650820690063e+02 -1.06978866793810e-02 
-1.01045649186797e+02 -3.62477447705590e+02 -1.11481030454854e-02 
-3.23026877421920e+02 -1.71671729271673e+01 -8.19763451230937e-03 
 2.49522241703936e+00  3.72961947199891e+02 -1.09560285130783e-02 
 3.23726615945957e+02  1.34162272124815e+02 -9.62751850860144e-03 
 3.28963669453478e+02  6.43177728209262e+01 -8.80346738231097e-03 
-3.04938430946500e+02  1.41864500118391e+02 -8.86965784390270e-03 
 2.30116737862574e+02  3.49541010066754e+02 -1.37711487295178e-02 
-2.11594585226739e+02 -3.55024137770831e+02 -1.34344838031097e-02 
-2.55216156473838e+02 -2.34860357403536e+02 -9.44699936640347e-03 
-3.27919808391642e+02  6.16829579015573e+01 -8.72360534793515e-03 
 3.42757483273506e+02 -8.77810281370920e+01 -9.81039476962309e-03 
 3.76648225612401e+02  2.15167110256055e+00 -1.11138904599180e-02 
 3.57436691539002e+02  1.46803727974988e+02 -1.17060888541189e-02 
 4.02903952876424e+02  6.43998376817142e+01 -1.30435948893357e-02 
 4.23766439847165e+01 -3.33661145631337e+02 -8.90898880874147e-03 
-2.95415247513602e+02 -2.72587800302057e+02 -1.26888647001664e-02 
-7.32960430519338e+01  3.94898060092166e+02 -1.27030215866739e-02 
-2.14657334919110e+02 -2.92719783418689e+02 -1.03582258586954e-02 
 2.08136490543765e+02  3.21617393861064e+02 -1.15404599756346e-02 
 2.59918423454923e+02  2.64439934369052e+02 -1.07999720546132e-02 
 9.36402517485001e+00 -3.20795995325881e+02 -8.11204699303403e-03 
 3.78246916587314e+02 -5.73494997618589e+01 -1.14671044074868e-02 
-3.36752003571453e+02  2.37618800782899e+02 -1.33308194080257e-02 
 2.49990802350817e+02 -6.19013277610772e+01 -5.19763922005012e-03 
-1.03530396348947e+02 -4.09933460488219e+02 -1.40749087041456e-02 
-7.34012362271617e+01 -3.20316437764235e+02 -8.50303219044690e-03 
-4.08687567297340e+02  3.28195018659501e+00 -1.30855211034349e-02 
 8.40669249434727e+01 -4.03284158263994e+02 -1.33629851071078e-02 
-3.54838401785814e+02  1.50993728138079e+01 -9.88168739492767e-03 
 9.21391663732400e+01 -3.28739638576333e+02 -9.17662257884899e-03 
 1.50300425254919e+02  4.19509540004275e+02 -1.56305067773133e-02 
 1.09044727013728e+02  4.33774447050457e+02 -1.57509830132483e-02 
 1.55598411540214e+02  3.66535654823721e+02 -1.24779152716883e-02 
 1.20665123138151e+02  3.46404654592835e+02 -1.05914993847023e-02 
 1.21490688626007e+02  3.93560323609294e+02 -1.33553738890839e-02 
 1.85531457970159e+02  3.89251612993869e+02 -1.46300260337000e-02 
-4.33566705896858e+02 -7.73220111600751e+01 -1.51971124203421e-02 
-3.63076645818335e+02 -7.92831764005150e+01 -1.08221271838858e-02 
-4.21748648335534e+02 -3.18766721447623e+01 -1.40144034134462e-02 
-4.38962872406930e+02 -1.25392009523133e+02 -1.63334369089299e-02 
-4.66430140761788e+02 -9.76817184224962e+01 -1.77947816894957e-02 
-3.91160082987717e+02 -5.46042501055294e+01 -1.22212378666866e-02 
 3.18376295751959e+02 -3.43001166874456e+02 -1.72068207898235e-02 
 2.82401808539871e+02 -3.24949749733019e+02 -1.45640509746272e-02 
 2.86448722167297e+02 -2.76512158223669e+02 -1.24498589689495e-02 
 2.50382843919229e+02 -3.43651143671971e+02 -1.42124400240391e-02 
 3.10474526876253e+02 -3.03275553981864e+02 -1.47954954511533e-02 
 2.41466872754203e+02 -3.06448488364175e+02 -1.19640601891859e-02 
-1.67201513964291e+02  5.03591549256096e+02 -2.21639291311533e-02 
-2.00783443148535e+02  5.32574305629569e+02 -2.54972453196274e-02 
-1.69886262141702e+02  5.49412032470669e+02 -2.60349108221760e-02 
-2.30130399142453e+02  5.53613748055518e+02 -2.82878094745627e-02 
-1.44456840479090e+02  5.78417753440327e+02 -2.79852114468326e-02 
-2.02295731643546e+02  6.08607929522679e+02 -3.23788411585326e-02 
-6.82658835615380e+02  4.05740498033720e+02 -4.94738117311329e-02 
-7.26411784319493e+02  4.39514544025449e+02 -5.65519238369916e-02 
-6.13768969021162e+02  4.53238759464402e+02 -4.56906719660140e-02 
-6.72312690891871e+02  4.54435748547304e+02 -5.16745664779990e-02 
-7.15916479628523e+02  4.84986644391699e+02 -5.86770363740357e-02 
-6.44568629995926e+02  4.89657415005140e+02 -5.14313541506510e-02 
-1.13300601700078e+03 -1.13418884654518e+02 -1.01577567691997e-01 
-1.09710031863497e+03 -1.10407471237702e+02 -9.52515778650707e-02 
-1.17988019429658e+03 -7.51370770072456e+01 -1.09502197915155e-01 
-1.10474843022274e+03 -6.83747536893578e+01 -9.59789582723261e-02 
-1.14120155081436e+03 -6.51725304864446e+01 -1.02359069029870e-01 
-1.13194004849156e+03 -2.83248984251383e+01 -1.00438474330717e-01 
-1.23271829326977e+03 -1.06306022815034e+03 -2.08050157312414e-01 
-1.19265103094720e+03 -1.05403496745952e+03 -1.98932412156239e-01 
-1.18837077895329e+03 -1.01275235914375e+03 -1.91414063271736e-01 
-1.14854177460596e+03 -1.00495161156481e+03 -1.82882835416933e-01 
-1.24582592455615e+03 -9.95013134212884e+02 -1.99565247700093e-01 
-1.21385270268329e+03 -9.54361598176329e+02 -1.87163029840917e-01 
-4.27290552522721e+02 -4.75100021684118e+02 -3.20806351585645e-02 
-3.72677777826429e+02 -4.71811938136649e+02 -2.84128822769105e-02 
-3.37120951001549e+02 -4.64407226512239e+02 -2.58897452179383e-02 
-3.93971120344358e+02 -4.43699089376588e+02 -2.76646528846527e-02 
-3.58304960497457e+02 -4.33509890068522e+02 -2.48587798455731e-02 
-4.17889412707144e+02 -3.98617217634610e+02 -2.61951104143634e-02 
-2.41844216384718e+01 -8.45922243884924e+02 -5.64050838998469e-02 
-1.01866815471780e+02 -8.45457268085420e+02 -5.71102448631677e-02 
-6.69669772750377e+01 -8.29879538031224e+02 -5.45931746685255e-02 
-1.01936683135139e+02 -8.09994337382795e+02 -5.24875953653918e-02 
-2.48505125176500e+01 -7.95237488783448e+02 -4.98562634070936e-02 
-7.04960025288365e+01 -7.82955383690677e+02 -4.86705699811978e-02 
 6.63379792081195e+02 -9.77998812104525e+02 -1.09807267496763e-01 
 6.24027112767794e+02 -9.77550277309692e+02 -1.05769287568080e-01 
 5.80758924127120e+02 -9.58031740754023e+02 -9.87100209204641e-02 
 6.39753911567997e+02 -9.45567275837917e+02 -1.02482017974296e-01 
 5.89726880040195e+02 -9.15099023777468e+02 -9.31985934457771e-02 
 6.43255406637051e+02 -8.94871610931441e+02 -9.54854888603904e-02 
 1.47843006754386e+03 -5.95663110394127e+02 -1.99175723652161e-01 
 1.46453737319508e+03 -5.61785238451878e+02 -1.92884451587929e-01 
 1.49911101132955e+03 -5.53654299423312e+02 -2.00197099981210e-01 
 1.43160896358534e+03 -5.25659276589116e+02 -1.82319505343315e-01 
 1.49748544613947e+03 -5.14388503061685e+02 -1.96512504289757e-01 
 1.45845294572543e+03 -4.83646671248401e+02 -1.85057437731444e-01 
 5.87982858492942e+02 -1.58381250910173e+02 -2.90594347584658e-02 
 5.50815685812916e+02 -1.32500941748791e+02 -2.51507367516268e-02 
 5.13299662109356e+02 -1.25613091340218e+02 -2.18832992600753e-02 
 5.87169350140888e+02 -1.23353759619652e+02 -2.82073046989098e-02 
 5.61683200268006e+02 -8.08239349718221e+01 -2.52296238307110e-02 
 5.99985366846002e+02 -7.26519240753547e+01 -2.86165016309887e-02 
 7.58981431219024e+02  3.13246347919317e+02 -5.28557778946777e-02 
 6.98480805934513e+02  3.27269456506904e+02 -4.66554432018995e-02 
 7.32291276417572e+02  3.41514297001310e+02 -5.11954391350855e-02 
 6.75061773633739e+02  3.67916866816718e+02 -4.63610572036259e-02 
 7.66510694542467e+02  3.76934146911793e+02 -5.72175423824035e-02 
 7.36758677731453e+02  4.07432707011422e+02 -5.55978877830228e-02 
 5.49054176278598e+02  9.64315362399104e+02 -9.68553210990422e-02 
 5.15005991614827e+02  1.00755785073122e+03 -1.00732886360447e-01 
 4.60993444541435e+02  1.01579242529658e+03 -9.79153804138946e-02 
 5.63452141318171e+02  1.02127068242406e+03 -1.07017072090343e-01 
 4.80033007030924e+02  1.05100082909367e+03 -1.05050203601877e-01 
 5.24850433653049e+02  1.06129020658202e+03 -1.10290099061331e-01 
-2.56832037967980e+02  1.50137627130068e+03 -1.82702474119196e-01 
-3.09097393319131e+02  1.50912892240864e+03 -1.86857842898689e-01 
-2.26976661300217e+02  1.52865372325968e+03 -1.88080533219932e-01 
-2.74589497972993e+02  1.54845837534668e+03 -1.94751078024979e-01 
-2.54715996503597e+02  1.58107625629914e+03 -2.01966726606088e-01 
-3.10769460667242e+02  1.58260515625851e+03 -2.04830836536530e-01 
-5.66472094199912e+02 -2.13015038004631e+03 -3.82513814057461e-01 
-5.10565633103198e+02 -2.09865057647865e+03 -3.67305442860697e-01 
-5.69733848341137e+02 -2.09225656387550e+03 -3.70202347369286e-01 
-6.12085349060975e+02 -2.07902890065906e+03 -3.69777698181679e-01 
-5.34640142857140e+02 -2.05570175980034e+03 -3.55224023709070e-01 
-5.63783431548541e+02 -2.02170704948398e+03 -3.46814881250339e-01 
 7.28373547929165e+02 -2.77358625743469e+03 -6.47442348355753e-01 
 7.68655782721598e+02 -2.75877896518544e+03 -6.45714551416859e-01 
 7.21489239971539e+02 -2.71812545581467e+03 -6.22672218100206e-01 
 7.81529547514275e+02 -2.70710320976182e+03 -6.25031994404026e-01 
 6.81725571688592e+02 -2.69909204081789e+03 -6.10180361642733e-01 
 7.57937025200109e+02 -2.67470462542736e+03 -6.08453960800261e-01 
 2.60588804756790e+03 -2.65360619733090e+03 -1.08657117782900e+00 
 2.64152121526595e+03 -2.64031636174943e+03 -1.09567802813467e+00 
 2.57155392327307e+03 -2.63290039376536e+03 -1.06402421317034e+00 
 2.67355747032832e+03 -2.62304699571576e+03 -1.10185840922918e+00 
 2.60440117806975e+03 -2.58640721965212e+03 -1.05823115112162e+00 
 2.63904157762862e+03 -2.56870285640740e+03 -1.06527207640147e+00 
 4.69420721200674e+03 -1.28873578053769e+03 -1.85705968276636e+00 
 4.74643864801999e+03 -1.26840672096092e+03 -1.89159443597566e+00 
 4.65035307078718e+03 -1.26089742530976e+03 -1.81936624882741e+00 
 4.73094852505573e+03 -1.22570597437049e+03 -1.87170583507202e+00 
 4.69452003900086e+03 -1.22270296162319e+03 -1.84422851269261e+00 
 4.64603597117583e+03 -1.21563475550373e+03 -1.80739373202016e+00 
 6.13062303376387e+03  1.60397953776647e+03 -3.14698038296615e+00 
 6.16754315960985e+03  1.63485939432304e+03 -3.19042759148272e+00 
 6.12761432713755e+03  1.65268670352146e+03 -3.15658430730241e+00 
 6.19907925892063e+03  1.67477203106875e+03 -3.23138351925184e+00 
 6.16710284424831e+03  1.69008038418517e+03 -3.20446302291464e+00 
 6.12076251703370e+03  1.69024587129729e+03 -3.15989875065384e+00 
-1.52321115682773e+03  1.46204585717244e+03 -3.50116215540879e-01 
-1.53042483483919e+03  1.50941776269174e+03 -3.62928428033001e-01 
-1.46753399199328e+03  1.52985242059832e+03 -3.53049489253635e-01 
-1.56952980817971e+03  1.53363285362990e+03 -3.78228659549677e-01 
-1.50679629861126e+03  1.53996720921519e+03 -3.64643425793815e-01 
-1.54855595848802e+03  1.56505072327387e+03 -3.80772992164339e-01 
-2.73485215063225e+03  6.89381696611757e+02 -6.23363159345161e-01 
-2.68333617962187e+03  6.90456439793146e+02 -6.01613614765256e-01 
-2.70857284367723e+03  7.15883127712207e+02 -6.15089893518473e-01 
-2.66582104224305e+03  7.44949704245055e+02 -6.00434502929261e-01 
-2.75082085552371e+03  7.48128065467909e+02 -6.36876775951123e-01 
-2.70430874447488e+03  7.65839630269978e+02 -6.19111689663043e-01 
-3.55850559580504e+03 -1.00048035819570e+03 -1.07084327296462e+00 
-3.60544099544405e+03 -9.70879919734336e+02 -1.09258843215162e+00 
-3.52284085508149e+03 -9.64407980156763e+02 -1.04547599902395e+00 
-3.55818428602287e+03 -9.41435571067951e+02 -1.06163356734021e+00 
-3.53393893674999e+03 -9.11202272462814e+02 -1.04375161033624e+00 
-3.59943605644262e+03 -9.05187673270292e+02 -1.07949252560712e+00 
-3.45594149578539e+03 -3.47665770418489e+03 -1.88762734033821e+00 
-3.41776992798476e+03 -3.47429832080133e+03 -1.86578100362863e+00 
-3.38316523714067e+03 -3.43820878571712e+03 -1.82769622208252e+00 
-3.41433579585065e+03 -3.42118924676127e+03 -1.83510019956771e+00 
-3.45228292538456e+03 -3.40902694763920e+03 -1.84897029087347e+00 
-3.42253724917286e+03 -3.37540950527082e+03 -1.81498709048060e+00 
-1.64608690645505e+03 -6.20654520195564e+03 -3.24618293184358e+00 
-1.69412955364722e+03 -6.18881333497824e+03 -3.24144346902631e+00 
-1.64721542921937e+03 -6.16250282440409e+03 -3.20356887337948e+00 
-1.70308719062448e+03 -6.14930380201348e+03 -3.20543424504058e+00 
-1.60283602183007e+03 -6.12649213208336e+03 -3.15741572404477e+00 
-1.68045731588577e+03 -6.11711844670343e+03 -3.16834168876994e+00 
 2.05306287879998e+03  5.06583505527337e+02 -3.50417571052304e-01 
 2.09557311632450e+03  5.15846105807795e+02 -3.64979342523469e-01 
 2.03084976648678e+03  5.41002903245744e+02 -3.46150770312136e-01 
 2.07061728897431e+03  5.56206053256166e+02 -3.60242122879328e-01 
 2.12184807852936e+03  5.76610356218733e+02 -3.78888600665931e-01 
 2.06548348235901e+03  5.91837071897727e+02 -3.61800428128532e-01 
 1.97722968444480e+03  1.95742412846344e+03 -6.08032186477544e-01 
 2.03359338748748e+03  1.95987162123617e+03 -6.26497092791510e-01 
 1.99555835257600e+03  1.98828693578256e+03 -6.23327583088212e-01 
 1.95710159663800e+03  1.99109066870470e+03 -6.12298221850097e-01 
 2.03541855264455e+03  1.99531086238079e+03 -6.38118559640589e-01 
 2.00295285279969e+03  2.03432114834078e+03 -6.40228420465746e-01 
 9.47019909017705e+02  3.53568974953272e+03 -1.05484433161723e+00 
 9.07683872020109e+02  3.54825184738344e+03 -1.05613772571678e+00 
 9.81157327887673e+02  3.54844468369265e+03 -1.06711744430845e+00 
 1.00803692704616e+03  3.57329506194615e+03 -1.08524493543382e+00 
 9.70739398814917e+02  3.58736850802271e+03 -1.08740026234386e+00 
 9.35102272615768e+02  3.59999356159292e+03 -1.08922629739050e+00 
-1.28332544082769e+03  4.63829014194722e+03 -1.82344029503815e+00 
-1.20956958743974e+03  4.66304683748906e+03 -1.82717245898425e+00 
-1.30216342940871e+03  4.66878150388754e+03 -1.84960679671508e+00 
-1.25898593592607e+03  4.68435551006474e+03 -1.85241634735667e+00 
-1.29262045169305e+03  4.70544401399310e+03 -1.87473542331213e+00 
-1.22957336251107e+03  4.71840505559919e+03 -1.87189809095185e+00 
-4.48484645138268e+03  4.45508326752026e+03 -3.13891850204823e+00 
-4.45822597831883e+03  4.48474945442853e+03 -3.14115634184191e+00 
-4.53722607247356e+03  4.49059815077658e+03 -3.20096210486668e+00 
-4.49567255387172e+03  4.50179385413376e+03 -3.17948673626233e+00 
-4.47202763209754e+03  4.53782115051964e+03 -3.18852561204471e+00 
-4.52641476653032e+03  4.54117784939813e+03 -3.22926519915995e+00 
 6.98502581172859e+03 -4.10607086804697e+03 -5.15009147920296e+00 
 6.94636880272197e+03 -4.08763323584361e+03 -5.09600379248741e+00 
 7.04217990927027e+03 -4.08291413298270e+03 -5.19796187415545e+00 
 6.98764071961874e+03 -4.04992373710633e+03 -5.11688701666617e+00 
 6.95825403762353e+03 -4.01590256767446e+03 -5.06316944437299e+00 
 7.03071218107811e+03 -4.01117384500361e+03 -5.13958573928744e+00 
 9.90900237089651e+03 -3.77825588855412e+03 -8.81631451839598e+00 
 9.85474874099402e+03 -3.76927727276943e+03 -8.72697753076068e+00 
 9.87767708288819e+03 -3.72905548805122e+03 -8.73866722640196e+00 
 9.95402446166460e+03 -3.72331725349609e+03 -8.85391265799490e+00 
 9.85708094964832e+03 -3.69711309256944e+03 -8.68814298020925e+00 
 9.92360251134290e+03 -3.68807509516378e+03 -8.78596818675396e+00 
 1.02073941284292e+04 -9.09943078902948e+03 -1.46834896104206e+01 
 1.01647640619267e+04 -9.06847374468295e+03 -1.45711584346714e+01 
 1.01084755613302e+04 -9.06147679014484e+03 -1.44717706442561e+01 
 1.01996221425420e+04 -9.04296092293579e+03 -1.45903759623229e+01 
 1.01616399396237e+04 -9.02541912098445e+03 -1.45048281799791e+01 
 1.01212805469650e+04 -9.02385538581558e+03 -1.44384762687150e+01 
 1.74610799612841e+04 -6.67918686596234e+02 -2.39200032249983e+01 
 1.73796633545700e+04 -6.64806927029706e+02 -2.36974572939810e+01 
 1.74236340984525e+04 -6.54101023742597e+02 -2.38162305147245e+01 
 1.73818849282227e+04 -6.25176481972312e+02 -2.36994810749929e+01 
 1.74470592558982e+04 -6.21137965995304e+02 -2.38769119448029e+01 
 1.74170291762591e+04 -5.99793896270031e+02 -2.37928403686628e+01 
 2.26486790364381e+04  2.82667321768463e+03 -4.08146360185085e+01 
 2.25945112464149e+04  2.86661304326384e+03 -4.06405564034201e+01 
 2.26304511100757e+04  2.86976964023928e+03 -4.07693147012060e+01 
 2.26889622342559e+04  2.88427477557740e+03 -4.09836217765717e+01 
 2.26176988299506e+04  2.91681623550526e+03 -4.07455536975704e+01 
 2.26783240896954e+04  2.91804040552898e+03 -4.09612442922601e+01 
 2.50200137710361e+04  1.40911414278076e+04 -6.46797978035029e+01 
 2.49932346447140e+04  1.41170947332895e+04 -6.46325368052167e+01 
 2.50594527960341e+04  1.41363888110066e+04 -6.49351238063136e+01 
 2.49950141922952e+04  1.41565865216488e+04 -6.47274496983591e+01 
 2.50335595250043e+04  1.41624180022195e+04 -6.48915261337879e+01 
 2.49517461500714e+04  1.41631249540402e+04 -6.45727320081669e+01 
 3.34786970781527e+04  1.48215980103323e+04 -1.05108015683290e+02 
 3.34349629060222e+04  1.48392477071298e+04 -1.04919990015670e+02 
 3.35394563182498e+04  1.48478823343084e+04 -1.05488441397358e+02 
 3.34556160226300e+04  1.48739339904907e+04 -1.05109394588049e+02 
 3.34942196090931e+04  1.48845027526036e+04 -1.05336639310946e+02 
 3.34566085709992e+04  1.49106766571469e+04 -1.05200793160378e+02 
-7.05346822542171e+03 -4.31515343161015e+03 -5.36403631242774e+00 
-7.03577013313145e+03 -4.27872424852664e+03 -5.31984514778856e+00 
-6.99665822564703e+03 -4.27526544095900e+03 -5.27451958917754e+00 
-7.06832643521028e+03 -4.25887797610367e+03 -5.34247178590726e+00 
-7.03028279869382e+03 -4.22862124572262e+03 -5.28022781293976e+00 
-7.07920908143087e+03 -4.22151742630331e+03 -5.32957957227700e+00 
-9.69665819372754e+03 -8.27128975261476e+03 -1.27541302530249e+01 
-9.65911840745205e+03 -8.26875682690907e+03 -1.26939084605488e+01 
-9.63949410305631e+03 -8.23514779372467e+03 -1.26205534238084e+01 
-9.75574690314721e+03 -8.23353193220051e+03 -1.27950930070842e+01 
-9.70601686942579e+03 -8.21905275882179e+03 -1.27005115859265e+01 
-9.70787294313127e+03 -8.18256491563747e+03 -1.26562001426300e+01 
-1.41747245743297e+04 -4.52781312515612e+03 -1.73548139741838e+01 
-1.42266341849328e+04 -4.51250338899281e+03 -1.74594093993267e+01 
-1.42645412573201e+04 -4.49811540813712e+03 -1.75338066140209e+01 
-1.41997329390322e+04 -4.48700537216059e+03 -1.73814300806996e+01 
-1.42235723361064e+04 -4.45192257107780e+03 -1.74098133844616e+01 
-1.41851697222710e+04 -4.43857319262339e+03 -1.73150001188717e+01 
-1.09023401211506e+04 -1.38636183150492e+04 -2.44490236972606e+01 
-1.09370605200402e+04 -1.38572683783407e+04 -2.44945624877337e+01 
-1.09008644061741e+04 -1.38248926710072e+04 -2.43620530605767e+01 
-1.09552256710904e+04 -1.38078706639815e+04 -2.44180841674570e+01 
-1.08670395292721e+04 -1.37946321160430e+04 -2.42385465936750e+01 
-1.09241694357763e+04 -1.37912045049435e+04 -2.43286264033222e+01 
-9.13071289055404e+03 -2.08381966871125e+04 -4.07308161451620e+01 
-9.15760967852151e+03 -2.08086417362817e+04 -4.06724086027079e+01 
-9.11178853450580e+03 -2.07953642184698e+04 -4.05633225490983e+01 
-9.07533488512040e+03 -2.07835307274946e+04 -4.04726333362105e+01 
-9.16360289203844e+03 -2.07694871521636e+04 -4.05527925310071e+01 
-9.11408475868234e+03 -2.07357648661583e+04 -4.03716541191825e+01 
-2.91200429534238e+03 -2.65187711360579e+04 -5.60513661193090e+01 
-2.95576810206718e+03 -2.64878715681664e+04 -5.59424850685009e+01 
-2.91296481922978e+03 -2.64835313927146e+04 -5.59046990547959e+01 
-2.87118586375047e+03 -2.64678419873710e+04 -5.58203367743081e+01 
-2.96846339872537e+03 -2.64551886111127e+04 -5.58120971694443e+01 
-2.91397105179379e+03 -2.64224677832527e+04 -5.56507166004085e+01 
-3.91463076699576e+03 -3.35768331659964e+04 -8.99939391821717e+01 
-3.96272947606133e+03 -3.35620680717424e+04 -8.99455462739170e+01 
-3.87574480351886e+03 -3.35523157230912e+04 -8.98405826794879e+01 
-3.92990230984787e+03 -3.35339855901405e+04 -8.97768491373026e+01 
-3.97614479589135e+03 -3.35268454983624e+04 -8.97677781051425e+01 
-3.90503514361193e+03 -3.35092131603499e+04 -8.96307809635200e+01 
-1.52839520325846e+02  8.16189467488161e+03 -5.24855445041976e+00 
-1.88072918251445e+02  8.17757343993892e+03 -5.26967244809339e+00 
-2.23604651912664e+02  8.18363691867722e+03 -5.27863185058914e+00 
-1.47060647866531e+02  8.20328390473844e+03 -5.30176633730298e+00 
-1.82721851523759e+02  8.21646636568339e+03 -5.31973552064665e+00 
-2.10773687098322e+02  8.24441732200317e+03 -5.35683765985277e+00 
 4.05304350173632e+03  1.13843426226532e+04 -1.14944855207705e+01 
 4.01741852158718e+03  1.14007057166007e+04 -1.15013266166779e+01 
 4.05750373034733e+03  1.14239518283709e+04 -1.15684731806277e+01 
 4.02368833343365e+03  1.14365992678294e+04 -1.15698371788922e+01 
 4.09526903812028e+03  1.14418192739872e+04 -1.16247712497952e+01 
 4.04870696265448e+03  1.14827157803865e+04 -1.16689053690197e+01 
-3.96060169443609e+03  1.23770514476340e+04 -1.32942674835895e+01 
-3.88139742484002e+03  1.23841981768177e+04 -1.32595466375287e+01 
-3.92661882921913e+03  1.24036903341904e+04 -1.33252623542940e+01 
-3.88960291536040e+03  1.24369414271054e+04 -1.33676512308175e+01 
-3.97786580404955e+03  1.24401481627598e+04 -1.34283339715757e+01 
-3.92426321898059e+03  1.24445038071773e+04 -1.34036879363666e+01 
-8.40379676035517e+03  1.54759804828394e+04 -2.43962716188971e+01 
-8.36335495635849e+03  1.54868123605453e+04 -2.43695648977773e+01 
-8.42565337884704e+03  1.55057695576953e+04 -2.44977777444465e+01 
-8.38455170492915e+03  1.55272917598284e+04 -2.44962547901769e+01 
-8.42275675308886e+03  1.55503345531054e+04 -2.46029608277422e+01 
-8.38138130046471e+03  1.55644378740145e+04 -2.45830545739345e+01 
-1.38638866609732e+04  1.80416266982101e+04 -4.06941779355011e+01 
-1.38327159610205e+04  1.80584267787944e+04 -4.06743123770548e+01 
-1.38618490004012e+04  1.80901240383376e+04 -4.08277651389681e+01 
-1.38994022316189e+04  1.80927463779880e+04 -4.09169101648613e+01 
-1.38380245074372e+04  1.81247622778227e+04 -4.08748653561370e+01 
-1.38939039809241e+04  1.81354727416026e+04 -4.10268533714261e+01 
-2.18254907116355e+04  1.32279489168510e+04 -5.10988814163175e+01 
-2.17734335209698e+04  1.32439084490449e+04 -5.09543521975256e+01 
-2.18579286301321e+04  1.32666447287366e+04 -5.12906385623592e+01 
-2.18170325455520e+04  1.32744502771209e+04 -5.11670289020867e+01 
-2.17854253385713e+04  1.32906249342225e+04 -5.10929063050398e+01 
-2.18554595189118e+04  1.33121596121995e+04 -5.13774635126456e+01 
-3.10759466353361e+04  2.47087626286517e+04 -1.23740604382729e+02 
-3.10087953731290e+04  2.47333780952756e+04 -1.23509850594275e+02 
-3.10652270942601e+04  2.47527220996325e+04 -1.23859673960787e+02 
-3.10185981114012e+04  2.47709994702838e+04 -1.23704175743193e+02 
-3.11009423678770e+04  2.47764002198200e+04 -1.24125984687027e+02 
-3.10624662331142e+04  2.47928140403229e+04 -1.24002689766716e+02 
