-2.56496627294113e+06  5.08536774503419e+06 -2.86102231758412e+06 
-2.56486701300204e+06  5.08552855124405e+06 -2.86082678357622e+06 
-2.56494695233882e+06  5.08542137745553e+06 -2.86094482974725e+06 
-2.56478330371571e+06  5.08550588746857e+06 -2.86094134531345e+06 
-2.56492521233309e+06  5.08546374631600e+06 -2.86088938124423e+06 
-2.56491396884752e+06  5.08554664093572e+06 -2.86075302412080e+06 
-2.56489546385055e+06  5.08550493936593e+06 -2.86084313901517e+06 
-2.56488402203058e+06  5.08546070815842e+06 -2.86093142693205e+06 
-2.56499707167272e+06  5.08545227218742e+06 -2.86084564557484e+06 
-2.56478959272650e+06  5.08555138291350e+06 -2.86085541373640e+06 
-2.56483011296874e+06  5.08553163541071e+06 -2.86085419852575e+06 
-2.56504970360974e+06  5.08545790572328e+06 -2.86078882415424e+06 
-2.56487793679697e+06  5.08543632509905e+06 -2.86097989748845e+06 
-2.56491312651921e+06  5.08543075535643e+06 -2.86095839470512e+06 
-2.56486554220690e+06  5.08549603203993e+06 -2.86088551314785e+06 
-2.56473557355686e+06  5.08555659396969e+06 -2.86089431622929e+06 
-2.56494557667120e+06  5.08548939870228e+06 -2.86082595102136e+06 
-2.56503386086256e+06  5.08543656164127e+06 -2.86084062157836e+06 
-2.56485140895383e+06  5.08547350597946e+06 -2.86093787274385e+06 
-2.56493424006999e+06  5.08544361101940e+06 -2.86091689393173e+06 
-2.56503140024380e+06  5.08541296461170e+06 -2.86088447789790e+06 
-2.56503990156492e+06  5.08537624651859e+06 -2.86094173785613e+06 
-2.56494153112783e+06  5.08540177728487e+06 -2.86098426389224e+06 
-2.56488482970185e+06  5.08554447321664e+06 -2.86078280244738e+06 
-2.56500958298682e+06  5.08548389852507e+06 -2.86077865943211e+06 
-2.56485577005625e+06  5.08557180138646e+06 -2.86076042619185e+06 
-2.56492976068337e+06  5.08551523630660e+06 -2.86079441375876e+06 
-2.56488793497224e+06  5.08539648107090e+06 -2.86104134240484e+06 
-2.56483509874709e+06  5.08545079152398e+06 -2.86099250231078e+06 
-2.56497574856917e+06  5.08548975072083e+06 -2.86079845887859e+06 
-2.56497051255641e+06  5.08539859975803e+06 -2.86096406530558e+06 
-2.56498856566322e+06  5.08551207228005e+06 -2.86074762928747e+06 
-2.56481503496539e+06  5.08543906713954e+06 -2.86103106914403e+06 
-2.56506863409380e+06  5.08541778133717e+06 -2.86084281271742e+06 
-2.56481649049674e+06  5.08548076132167e+06 -2.86095615711606e+06 
-2.56476011152720e+06  5.08548871013951e+06 -2.86099232631006e+06 
-2.56496233407330e+06  5.08544370671472e+06 -2.86089170585878e+06 
-2.56480015849223e+06  5.08552105081972e+06 -2.86089956267671e+06 
-2.56492268765960e+06  5.08537728629076e+06 -2.86104428496561e+06 
-2.56474695481582e+06  5.08557626960956e+06 -2.86084943952622e+06 
-2.56483354757782e+06  5.08551285996659e+06 -2.86088429200774e+06 
-2.56506976182214e+06  5.08539904726662e+06 -2.86087488675259e+06 
-2.56472129520767e+06  5.08553256452721e+06 -2.86094945917780e+06 
-2.56495149516190e+06  5.08546482041828e+06 -2.86086407841203e+06 
-2.56480563598318e+06  5.08542522138890e+06 -2.86106388422028e+06 
-2.56477654702229e+06  5.08558191973679e+06 -2.86081311068413e+06 
-2.56500336731143e+06  5.08536175728027e+06 -2.86099985577654e+06 
-2.56474985703897e+06  5.08553495787738e+06 -2.86091979994001e+06 
-2.56494735128516e+06  5.08554527893909e+06 -2.86072569890768e+06 
-2.56503554042276e+06  5.08535565853793e+06 -2.86098197192597e+06 
-2.56495589126010e+06  5.08551653800188e+06 -2.86076884374289e+06 
-2.56485180180839e+06  5.08542616154456e+06 -2.86102111524524e+06 
-2.56481998627855e+06  5.08556233037991e+06 -2.86080901711909e+06 
-2.56499672098005e+06  5.08543466809335e+06 -2.86087704130026e+06 
-2.56507199705253e+06  5.08537736590799e+06 -2.86091117782412e+06 
-2.56474881253613e+06  5.08550926550201e+06 -2.86096609426254e+06 
-2.56490888826357e+06  5.08540809213797e+06 -2.86100218333484e+06 
-2.56479226370138e+06  5.08546422614186e+06 -2.86100692546148e+06 
-2.56490050118572e+06  5.08548492708811e+06 -2.86087398894187e+06 
-2.56500050405882e+06  5.08540278853821e+06 -2.86092996058104e+06 
-2.56475509848498e+06  5.08547005025551e+06 -2.86102973628911e+06 
-2.56477788876890e+06  5.08544824023180e+06 -2.86104795031158e+06 
-2.56482456854231e+06  5.08549646929710e+06 -2.86092122871890e+06 
-2.56482071087992e+06  5.08558564440716e+06 -2.86076720433311e+06 
-2.56488888723680e+06  5.08557201101356e+06 -2.86073056277075e+06 
-2.56485148604874e+06  5.08539931075628e+06 -2.86106880330952e+06 
-2.56477041547594e+06  5.08554097455097e+06 -2.86089086935356e+06 
-2.56502117759784e+06  5.08549790213944e+06 -2.86074360590295e+06 
-2.56501749208560e+06  5.08546269323391e+06 -2.86080905864801e+06 
-2.56489841022576e+06  5.08552336408734e+06 -2.86080798186219e+06 
-2.56500824223057e+06  5.08537833131107e+06 -2.86096625147703e+06 
-2.56507006522318e+06  5.08543653376439e+06 -2.86080842681502e+06 
-2.56489239870622e+06  5.08537663468519e+06 -2.86107240734441e+06 
-2.56472717863532e+06  5.08550469237363e+06 -2.86099343274150e+06 
-2.56497245374482e+06  5.08542293315543e+06 -2.86091937278947e+06 
-2.56503775693264e+06  5.08532085086295e+06 -2.86104145314639e+06 
-2.56503491516536e+06  5.08530365064417e+06 -2.86107435124863e+06 
-2.56477789748144e+06  5.08565204115410e+06 -2.86068808621558e+06 
-2.56497437940868e+06  5.08533048713995e+06 -2.86108087904662e+06 
-2.56466717996408e+06  5.08563807749861e+06 -2.86081133977248e+06 
-2.56490955148952e+06  5.08532011756125e+06 -2.86115691446704e+06 
-2.56473622112289e+06  5.08544551174523e+06 -2.86108986984134e+06 
-2.56517756370155e+06  5.08540198925433e+06 -2.86077367990150e+06 
-2.56471262836292e+06  5.08546968201464e+06 -2.86106820313131e+06 
-2.56511174414502e+06  5.08545325269067e+06 -2.86074178455220e+06 
-2.56477345606293e+06  5.08541441779705e+06 -2.86111161264448e+06 
-2.56467627273619e+06  5.08554294207795e+06 -2.86097122597957e+06 
-2.56489637237033e+06  5.08534877519158e+06 -2.86111805538800e+06 
-2.56480894353553e+06  5.08562209403816e+06 -2.86071332022342e+06 
-2.56465027544548e+06  5.08562561804241e+06 -2.86084839339641e+06 
-2.56470253124359e+06  5.08545125027723e+06 -2.86110973598216e+06 
-2.56466227188249e+06  5.08560079280315e+06 -2.86088154617238e+06 
-2.56484874521651e+06  5.08564032640890e+06 -2.86064567772905e+06 
-2.56512141503742e+06  5.08529670168283e+06 -2.86100958722144e+06 
-2.56470717784784e+06  5.08559994149665e+06 -2.86084306189025e+06 
-2.56470179426128e+06  5.08565260488978e+06 -2.86075486326795e+06 
-2.56502691597368e+06  5.08551965424762e+06 -2.86070008523059e+06 
-2.56514326697251e+06  5.08537379405207e+06 -2.86085401065753e+06 
-2.56495108171126e+06  5.08531621514173e+06 -2.86112682269441e+06 
-2.56496526408552e+06  5.08535060227751e+06 -2.86105348244065e+06 
-2.56489721069602e+06  5.08561334969726e+06 -2.86065015203997e+06 
-2.56485052622514e+06  5.08560639459448e+06 -2.86070401073997e+06 
-2.56509409581174e+06  5.08532209134929e+06 -2.86098909007166e+06 
-2.56509648808362e+06  5.08549406222819e+06 -2.86068331132591e+06 
-2.56490659998244e+06  5.08558525423732e+06 -2.86069140263187e+06 
-2.56473072518736e+06  5.08565542052842e+06 -2.86072412771829e+06 
-2.56513338131379e+06  5.08540231496505e+06 -2.86081245610933e+06 
-2.56469664593484e+06  5.08555567853261e+06 -2.86093059636239e+06 
-2.56507251434431e+06  5.08551480746108e+06 -2.86066803146775e+06 
-2.56499910229822e+06  5.08555395605854e+06 -2.86066428590695e+06 
-2.56470727749473e+06  5.08549821251328e+06 -2.86102259443846e+06 
-2.56485701268909e+06  5.08536876852574e+06 -2.86111780523243e+06 
-2.56474616955733e+06  5.08541115311323e+06 -2.86114167281716e+06 
-2.56473173990303e+06  5.08563001312624e+06 -2.86076808929801e+06 
-2.56462730711259e+06  5.08555011418640e+06 -2.86100216257073e+06 
-2.56478017121286e+06  5.08559835595356e+06 -2.86078086047096e+06 
-2.56500421607573e+06  5.08533511978423e+06 -2.86104612999829e+06 
-2.56494043485515e+06  5.08560297925326e+06 -2.86062996868139e+06 
-2.56512743608909e+06  5.08543076804448e+06 -2.86076751085728e+06 
-2.56507364855062e+06  5.08534896501930e+06 -2.86095985215353e+06 
-2.56471329971729e+06  5.08562104383286e+06 -2.86080034844642e+06 
-2.56496268048673e+06  5.08557311156452e+06 -2.86066289862528e+06 
-2.56508507497451e+06  5.08545092831150e+06 -2.86076964169437e+06 
-2.56514645826597e+06  5.08534200101008e+06 -2.86090730380249e+06 
-2.56467785143960e+06  5.08548218378494e+06 -2.86107709604873e+06 
-2.56508506360198e+06  5.08529729822600e+06 -2.86104090734875e+06 
-2.56464172337898e+06  5.08550185226965e+06 -2.86107453812445e+06 
-2.56467238777515e+06  5.08550174872488e+06 -2.86104741736818e+06 
-2.56464018192248e+06  5.08556412028679e+06 -2.86096596868871e+06 
-2.56480635120373e+06  5.08538076796855e+06 -2.86114173115371e+06 
-2.56511154193835e+06  5.08539689564618e+06 -2.86084147588534e+06 
-2.56500370958569e+06  5.08530745111860e+06 -2.86109543062405e+06 
-2.56514825362790e+06  5.08544544080118e+06 -2.86072306081234e+06 
-2.56503584887428e+06  5.08554197855026e+06 -2.86065270808200e+06 
-2.56464082378872e+06  5.08558265719564e+06 -2.86093266685380e+06 
-2.56515652889323e+06  5.08530795417732e+06 -2.86095844809876e+06 
-2.56477522526951e+06  5.08563049406903e+06 -2.86072851498478e+06 
-2.56498436986233e+06  5.08558675511194e+06 -2.86061948839011e+06 
-2.56482891837715e+06  5.08562909422556e+06 -2.86068316992824e+06 
-2.56467866878084e+06  5.08551760310980e+06 -2.86101383199561e+06 
-2.56506740190504e+06  5.08528574699329e+06 -2.86107702980176e+06 
-2.56483242397676e+06  5.08538932977596e+06 -2.86110339903109e+06 
-2.56499695722535e+06  5.08529298248784e+06 -2.86112698781673e+06 
-2.56516819580833e+06  5.08535247163561e+06 -2.86086945638095e+06 
-2.56506692571548e+06  5.08532122309464e+06 -2.86101481977302e+06 
-2.56509353674389e+06  5.08547710779245e+06 -2.86071587822885e+06 
-2.56512299842770e+06  5.08536420481414e+06 -2.86088899364363e+06 
-2.56494051312402e+06  5.08556664377338e+06 -2.86069406248801e+06 
-2.56512385198036e+06  5.08547145164979e+06 -2.86069886505939e+06 
-2.56510349578350e+06  5.08542396485042e+06 -2.86080084580514e+06 
-2.56462612205010e+06  5.08562170021611e+06 -2.86087681882519e+06 
-2.56459465266826e+06  5.08558205830282e+06 -2.86097483597797e+06 
-2.56525680945119e+06  5.08525994225188e+06 -2.86095390469498e+06 
-2.56453134559022e+06  5.08559743879331e+06 -2.86100404716091e+06 
-2.56503492461993e+06  5.08560204393785e+06 -2.86054746195902e+06 
-2.56490068181142e+06  5.08528575614288e+06 -2.86122547543718e+06 
-2.56467725895084e+06  5.08540913014632e+06 -2.86120660121410e+06 
-2.56478921145204e+06  5.08534843964382e+06 -2.86121406725893e+06 
-2.56521585487349e+06  5.08524009202887e+06 -2.86102542626237e+06 
-2.56455366148019e+06  5.08555192531479e+06 -2.86106453779186e+06 
-2.56494483002282e+06  5.08565944355669e+06 -2.86052634201677e+06 
-2.56471407920183e+06  5.08567798075535e+06 -2.86069911324657e+06 
-2.56513712720803e+06  5.08523841365689e+06 -2.86109850269825e+06 
-2.56501702401369e+06  5.08524548979175e+06 -2.86119296437317e+06 
-2.56527040135506e+06  5.08529242627861e+06 -2.86088444526825e+06 
-2.56505241246978e+06  5.08558004991898e+06 -2.86057072559089e+06 
-2.56497027141115e+06  5.08528929882232e+06 -2.86115725459834e+06 
-2.56462142258465e+06  5.08566792805748e+06 -2.86079937548218e+06 
-2.56516619278766e+06  5.08527032042983e+06 -2.86101628611309e+06 
-2.56461848231802e+06  5.08568887772351e+06 -2.86076500032526e+06 
-2.56498878088334e+06  5.08526807552976e+06 -2.86117824087758e+06 
-2.56495107280926e+06  5.08527569286848e+06 -2.86119837086049e+06 
-2.56482207108163e+06  5.08529873891836e+06 -2.86127255160180e+06 
-2.56508779512082e+06  5.08525415388233e+06 -2.86111464615278e+06 
-2.56481602940036e+06  5.08569515500920e+06 -2.86057799132548e+06 
-2.56466175846447e+06  5.08569329404141e+06 -2.86071866464462e+06 
-2.56473386393305e+06  5.08537231628021e+06 -2.86122119514699e+06 
-2.56460583771458e+06  5.08561141332891e+06 -2.86091304463141e+06 
-2.56497576381434e+06  5.08562201042042e+06 -2.86056489559690e+06 
-2.56521405326047e+06  5.08538113699839e+06 -2.86077799892261e+06 
-2.56520453618033e+06  5.08535063776414e+06 -2.86084032791032e+06 
-2.56465430548971e+06  5.08566734367144e+06 -2.86077112586420e+06 
-2.56517423859433e+06  5.08551006814628e+06 -2.86058579496450e+06 
-2.56463667231120e+06  5.08542510031797e+06 -2.86121454284711e+06 
-2.56462214470990e+06  5.08549316332410e+06 -2.86110731154756e+06 
-2.56461749224198e+06  5.08564538635438e+06 -2.86084267923198e+06 
-2.56518594315621e+06  5.08528314211998e+06 -2.86097605908591e+06 
-2.56523447810715e+06  5.08530411467521e+06 -2.86089580334920e+06 
-2.56524671990933e+06  5.08537104835426e+06 -2.86076671686080e+06 
-2.56527056987491e+06  5.08531737039577e+06 -2.86084025276295e+06 
-2.56486777752035e+06  5.08531934219193e+06 -2.86119548074332e+06 
-2.56457858427626e+06  5.08549606232026e+06 -2.86114097772229e+06 
-2.56491254944265e+06  5.08566497805293e+06 -2.86054531921466e+06 
-2.56464660005476e+06  5.08545158546853e+06 -2.86115894437839e+06 
-2.56514893961233e+06  5.08550871725391e+06 -2.86061071476022e+06 
-2.56518355493422e+06  5.08546236145817e+06 -2.86066173975549e+06 
-2.56484091639649e+06  5.08533939277370e+06 -2.86118400035616e+06 
-2.56522381389723e+06  5.08527942044425e+06 -2.86094890151048e+06 
-2.56464535709347e+06  5.08572024753587e+06 -2.86068567355673e+06 
-2.56510837597197e+06  5.08533534818782e+06 -2.86095296635086e+06 
-2.56472200047558e+06  5.08535431206377e+06 -2.86126354315395e+06 
-2.56476711545287e+06  5.08537685683510e+06 -2.86118357222678e+06 
-2.56453350783550e+06  5.08565822376045e+06 -2.86089479380838e+06 
-2.56489085115442e+06  5.08527251224400e+06 -2.86125760969649e+06 
-2.56458399064877e+06  5.08563873820080e+06 -2.86088424949031e+06 
-2.56491320876817e+06  5.08529891569792e+06 -2.86119108871301e+06 
-2.56511719122213e+06  5.08557420133068e+06 -2.86052335482575e+06 
-2.56508325421953e+06  5.08559852722024e+06 -2.86051062489401e+06 
-2.56511115783116e+06  5.08555047396613e+06 -2.86057062967683e+06 
-2.56507587695877e+06  5.08555809563552e+06 -2.86058859525535e+06 
-2.56508619566930e+06  5.08557672147284e+06 -2.86054651270453e+06 
-2.56514249935386e+06  5.08554614533502e+06 -2.86055035718472e+06 
-2.56449491339363e+06  5.08563694905142e+06 -2.86096672312048e+06 
-2.56455745475182e+06  5.08560441901274e+06 -2.86096847522133e+06 
-2.56451470094277e+06  5.08564993873394e+06 -2.86092616863403e+06 
-2.56448032637945e+06  5.08562000995737e+06 -2.86100961985074e+06 
-2.56446143234336e+06  5.08564354289414e+06 -2.86098489077164e+06 
-2.56453739456849e+06  5.08562700808666e+06 -2.86094645133356e+06 
-2.56511230670406e+06  5.08519128316989e+06 -2.86120381195149e+06 
-2.56508385569527e+06  5.08521475865568e+06 -2.86118770421845e+06 
-2.56509731310134e+06  5.08523245423876e+06 -2.86114447989258e+06 
-2.56505146682133e+06  5.08522164272575e+06 -2.86120439333631e+06 
-2.56511332526627e+06  5.08521084956101e+06 -2.86116836225267e+06 
-2.56505106707106e+06  5.08524064916428e+06 -2.86117119502908e+06 
-2.56485078875576e+06  5.08575105279770e+06 -2.86044831783317e+06 
-2.56482669298125e+06  5.08577785051667e+06 -2.86042245237252e+06 
-2.56485770145498e+06  5.08577072056122e+06 -2.86040742629080e+06 
-2.56480476449162e+06  5.08579954106507e+06 -2.86040367570018e+06 
-2.56488630009721e+06  5.08577095443055e+06 -2.86038154096085e+06 
-2.56484079105904e+06  5.08580916127700e+06 -2.86035459753101e+06 
-2.56437065904106e+06  5.08594372780623e+06 -2.86053562692528e+06 
-2.56433845406826e+06  5.08597703328268e+06 -2.86050548407010e+06 
-2.56444182226266e+06  5.08593184593470e+06 -2.86049324160243e+06 
-2.56438979143866e+06  5.08595868707389e+06 -2.86049217071961e+06 
-2.56435706468610e+06  5.08599062677902e+06 -2.86046490420936e+06 
-2.56442172079220e+06  5.08596038486314e+06 -2.86046073932452e+06 
-2.56386303811219e+06  5.08593731022224e+06 -2.86099889667210e+06 
-2.56389571157265e+06  5.08592235942811e+06 -2.86099621216798e+06 
-2.56382896200340e+06  5.08597383684001e+06 -2.86096473074813e+06 
-2.56389742419181e+06  5.08594273866171e+06 -2.86095870221291e+06 
-2.56386552463453e+06  5.08596043950844e+06 -2.86095584169803e+06 
-2.56388128264416e+06  5.08597111689552e+06 -2.86092296006250e+06 
-2.56358098505957e+06  5.08559950172919e+06 -2.86184630019356e+06 
-2.56361859745773e+06  5.08558510218908e+06 -2.86183825024493e+06 
-2.56363081138099e+06  5.08559981413742e+06 -2.86180141340172e+06 
-2.56366796197267e+06  5.08558502804627e+06 -2.86179445593313e+06 
-2.56358311325564e+06  5.08563282848285e+06 -2.86178557939535e+06 
-2.56361992699372e+06  5.08563481925485e+06 -2.86174930791939e+06 
-2.56441967622202e+06  5.08547383785657e+06 -2.86132168909373e+06 
-2.56446910773899e+06  5.08545057218133e+06 -2.86131875649206e+06 
-2.56450236095654e+06  5.08543754559588e+06 -2.86131214973124e+06 
-2.56445580888114e+06  5.08547148881134e+06 -2.86129366917115e+06 
-2.56448972567947e+06  5.08545953513279e+06 -2.86128457768564e+06 
-2.56444361493295e+06  5.08550042519737e+06 -2.86125343916913e+06 
-2.56470422962186e+06  5.08514287976557e+06 -2.86165259660115e+06 
-2.56463496390542e+06  5.08517804876614e+06 -2.86165218134263e+06 
-2.56466929139165e+06  5.08516861107976e+06 -2.86163828104943e+06 
-2.56464210995238e+06  5.08519237252294e+06 -2.86162053662173e+06 
-2.56471393738692e+06  5.08516360667925e+06 -2.86160736892747e+06 
-2.56467567848243e+06  5.08518911153220e+06 -2.86159640902015e+06 
-2.56529127063153e+06  5.08477999495008e+06 -2.86177043646862e+06 
-2.56525622675658e+06  5.08479790033022e+06 -2.86177003802231e+06 
-2.56522156336840e+06  5.08482525498801e+06 -2.86175262303783e+06 
-2.56527676939295e+06  5.08480370728923e+06 -2.86174149815699e+06 
-2.56523829729939e+06  5.08483851921002e+06 -2.86171431274654e+06 
-2.56529020064831e+06  5.08482256219304e+06 -2.86169626094953e+06 
-2.56609666096967e+06  5.08456693683850e+06 -2.86142920312816e+06 
-2.56609114365684e+06  5.08458684802322e+06 -2.86139897365272e+06 
-2.56612366264629e+06  5.08457454896306e+06 -2.86139171437444e+06 
-2.56606908857349e+06  5.08461624063831e+06 -2.86136673993019e+06 
-2.56613019208413e+06  5.08459110477821e+06 -2.86135667558642e+06 
-2.56610159309515e+06  5.08462107756229e+06 -2.86132924701579e+06 
-2.56539054170794e+06  5.08514424999119e+06 -2.86103905341635e+06 
-2.56536261724244e+06  5.08517141797218e+06 -2.86101595982031e+06 
-2.56533052150459e+06  5.08519109015741e+06 -2.86100981463776e+06 
-2.56539693378113e+06  5.08515873017680e+06 -2.86100779557625e+06 
-2.56538282194101e+06  5.08518734554510e+06 -2.86096984367914e+06 
-2.56541867992857e+06  5.08517338711710e+06 -2.86096254952024e+06 
-2.56563905228978e+06  5.08525725301830e+06 -2.86061816636381e+06 
-2.56558788556065e+06  5.08529015296451e+06 -2.86060565506323e+06 
-2.56562096669003e+06  5.08528066317957e+06 -2.86059294104434e+06 
-2.56557523576664e+06  5.08531707686660e+06 -2.86056938180522e+06 
-2.56565871542197e+06  5.08527951982192e+06 -2.86056132996478e+06 
-2.56563834926705e+06  5.08530520753017e+06 -2.86053411404933e+06 
-2.56558390430253e+06  5.08561407980151e+06 -2.86003713825588e+06 
-2.56556228978618e+06  5.08564683253822e+06 -2.85999854729046e+06 
-2.56551573836584e+06  5.08567447575666e+06 -2.85999120010010e+06 
-2.56560832979467e+06  5.08563053621638e+06 -2.85998630724445e+06 
-2.56553989011367e+06  5.08568008216458e+06 -2.85995977721106e+06 
-2.56558199488592e+06  5.08566404140728e+06 -2.85995059269667e+06 
-2.56497346028717e+06  5.08619331184912e+06 -2.85955783109269e+06 
-2.56492836813804e+06  5.08621996853494e+06 -2.85955091081998e+06 
-2.56500565812522e+06  5.08619085352662e+06 -2.85953348650796e+06 
-2.56496716817629e+06  5.08622026902303e+06 -2.85951581000075e+06 
-2.56499153805584e+06  5.08622445605897e+06 -2.85948669883500e+06 
-2.56494179939956e+06  5.08625031199459e+06 -2.85948533316568e+06 
-2.56395893524750e+06  5.08486938777985e+06 -2.86279848331508e+06 
-2.56401525951268e+06  5.08485691569837e+06 -2.86277038003086e+06 
-2.56396372844977e+06  5.08488613448941e+06 -2.86276467276308e+06 
-2.56392860247941e+06  5.08491053635608e+06 -2.86275286870459e+06 
-2.56400249688081e+06  5.08488507144445e+06 -2.86273205833713e+06 
-2.56398338743406e+06  5.08491189909547e+06 -2.86270172555187e+06 
-2.56498419635466e+06  5.08402682600393e+06 -2.86337256027102e+06 
-2.56502317271556e+06  5.08401465344608e+06 -2.86335934715356e+06 
-2.56498932997181e+06  5.08405229199540e+06 -2.86332307871810e+06 
-2.56504517681467e+06  5.08402969359533e+06 -2.86331324149795e+06 
-2.56495769924822e+06  5.08407787734992e+06 -2.86330609910335e+06 
-2.56503070238254e+06  5.08405338500809e+06 -2.86328433676777e+06 
-2.56668476929979e+06  5.08322932899059e+06 -2.86326529295998e+06 
-2.56671928194664e+06  5.08321862997574e+06 -2.86325342911821e+06 
-2.56665833032217e+06  5.08325315113848e+06 -2.86324682545790e+06 
-2.56675139290781e+06  5.08321115648700e+06 -2.86323801529913e+06 
-2.56669710890194e+06  5.08325709674085e+06 -2.86320533797312e+06 
-2.56673163306546e+06  5.08324862512638e+06 -2.86318953557803e+06 
-2.56882640869674e+06  5.08283822487377e+06 -2.86204694693192e+06 
-2.56887716161512e+06  5.08282286722786e+06 -2.86202878987401e+06 
-2.56879292514800e+06  5.08286922000339e+06 -2.86202212123861e+06 
-2.56887201641138e+06  5.08284706349095e+06 -2.86199069307893e+06 
-2.56884011197314e+06  5.08286469995603e+06 -2.86198802561630e+06 
-2.56879827338841e+06  5.08288941072477e+06 -2.86198173463359e+06 
-2.57069625720957e+06  5.08335586872182e+06 -2.85946493117378e+06 
-2.57073547967900e+06  5.08335165011237e+06 -2.85943735465574e+06 
-2.57070346496856e+06  5.08337684089644e+06 -2.85942146099428e+06 
-2.57077173152786e+06  5.08335349750106e+06 -2.85940171848846e+06 
-2.57074630258652e+06  5.08337408667796e+06 -2.85938806959722e+06 
-2.57070497844921e+06  5.08339505700700e+06 -2.85938794202817e+06 
-2.56383469439354e+06  5.08674761198574e+06 -2.85959285366019e+06 
-2.56383787504585e+06  5.08676993720315e+06 -2.85955057360738e+06 
-2.56389818468731e+06  5.08674985731021e+06 -2.85953234235669e+06 
-2.56380787426975e+06  5.08679729157174e+06 -2.85952895736914e+06 
-2.56386517954130e+06  5.08677160423415e+06 -2.85952331077653e+06 
-2.56383298463005e+06  5.08680050331222e+06 -2.85950091919090e+06 
-2.56259573590480e+06  5.08698170544115e+06 -2.86028224904374e+06 
-2.56264195987707e+06  5.08695895694501e+06 -2.86028129976715e+06 
-2.56262458858140e+06  5.08698055571260e+06 -2.86025860313352e+06 
-2.56266867281738e+06  5.08697302665627e+06 -2.86023267099013e+06 
-2.56259341066720e+06  5.08701255565733e+06 -2.86022981820354e+06 
-2.56263854610344e+06  5.08699876059760e+06 -2.86021402057587e+06 
-2.56151674040920e+06  5.08667138567878e+06 -2.86179006512265e+06 
-2.56148083990547e+06  5.08670443098495e+06 -2.86176364013937e+06 
-2.56155592483698e+06  5.08666987938338e+06 -2.86175788589759e+06 
-2.56152902973684e+06  5.08669503846012e+06 -2.86173737823080e+06 
-2.56155682859290e+06  5.08669631595890e+06 -2.86171040637094e+06 
-2.56149955636904e+06  5.08672820576337e+06 -2.86170502286707e+06 
-2.56110479366924e+06  5.08562685439444e+06 -2.86399941538687e+06 
-2.56113936398146e+06  5.08561063287834e+06 -2.86399731975236e+06 
-2.56117761052464e+06  5.08560962099441e+06 -2.86396513095544e+06 
-2.56115323504771e+06  5.08563050939163e+06 -2.86394993952768e+06 
-2.56112181934637e+06  5.08565248722305e+06 -2.86393907974004e+06 
-2.56115522343077e+06  5.08565266415236e+06 -2.86390909516599e+06 
-2.56216545233056e+06  5.08371083413950e+06 -2.86643492987410e+06 
-2.56212616198456e+06  5.08373961712112e+06 -2.86641910825097e+06 
-2.56217341187398e+06  5.08372912170793e+06 -2.86639564607452e+06 
-2.56212620738996e+06  5.08375959870265e+06 -2.86638386654145e+06 
-2.56222037314392e+06  5.08372368270006e+06 -2.86636353127714e+06 
-2.56215296825042e+06  5.08376240551091e+06 -2.86635516135241e+06 
-2.56683366213712e+06  5.08475215928736e+06 -2.86044549970915e+06 
-2.56687349449816e+06  5.08473673637846e+06 -2.86043722727508e+06 
-2.56682082504303e+06  5.08477603392948e+06 -2.86041478606731e+06 
-2.56685941592188e+06  5.08476424005201e+06 -2.86040121255128e+06 
-2.56690929707311e+06  5.08474937599719e+06 -2.86038299551662e+06 
-2.56686207222684e+06  5.08478090702063e+06 -2.86036941504095e+06 
-2.56706068121574e+06  5.08537067155959e+06 -2.85915066606735e+06 
-2.56711149636174e+06  5.08534626107686e+06 -2.85914847361384e+06 
-2.56708331186415e+06  5.08537484068398e+06 -2.85912311746776e+06 
-2.56704954934753e+06  5.08539329712819e+06 -2.85912062041834e+06 
-2.56712032307597e+06  5.08535970896765e+06 -2.85911684270293e+06 
-2.56709926217227e+06  5.08539004525714e+06 -2.85908202931532e+06 
-2.56646138899231e+06  5.08647015305965e+06 -2.85774203410206e+06 
-2.56642881948245e+06  5.08649292745544e+06 -2.85773082321295e+06 
-2.56649445616478e+06  5.08645990957221e+06 -2.85773064617279e+06 
-2.56652349869458e+06  5.08645780324525e+06 -2.85770846173391e+06 
-2.56649305607976e+06  5.08648026791323e+06 -2.85769590174200e+06 
-2.56646380177887e+06  5.08650140154368e+06 -2.85768463443140e+06 
-2.56469374597136e+06  5.08791817403831e+06 -2.85675773638718e+06 
-2.56476462943463e+06  5.08789493195106e+06 -2.85673564204600e+06 
-2.56468311194573e+06  5.08793892186213e+06 -2.85673051435645e+06 
-2.56472482736675e+06  5.08792575080757e+06 -2.85671661498270e+06 
-2.56469907278546e+06  5.08794937635303e+06 -2.85669778571582e+06 
-2.56475800035901e+06  5.08792620924248e+06 -2.85668622067686e+06 
-2.56179745970191e+06  5.08928502925016e+06 -2.85692063496170e+06 
-2.56182725589326e+06  5.08928499264464e+06 -2.85689416010801e+06 
-2.56175788394588e+06  5.08932287713773e+06 -2.85688891379481e+06 
-2.56179726940177e+06  5.08930869265551e+06 -2.85687893253880e+06 
-2.56182569876107e+06  5.08931255358988e+06 -2.85684677801800e+06 
-2.56177780412688e+06  5.08933836541015e+06 -2.85684376414524e+06 
-2.57029795549704e+06  5.08066883970543e+06 -2.86455962592099e+06 
-2.57026720851561e+06  5.08069371979720e+06 -2.86454319674820e+06 
-2.57035367295438e+06  5.08065239396113e+06 -2.86453893945251e+06 
-2.57031171349682e+06  5.08069031122971e+06 -2.86450953569993e+06 
-2.57029241031734e+06  5.08071729524839e+06 -2.86447919974879e+06 
-2.57035803592227e+06  5.08068651003022e+06 -2.86447494539452e+06 
-2.57297381637730e+06  5.07948126500099e+06 -2.86426543229189e+06 
-2.57292723567133e+06  5.07950938550887e+06 -2.86425746016871e+06 
-2.57295587653563e+06  5.07951525705375e+06 -2.86422156132726e+06 
-2.57302516424737e+06  5.07948309623191e+06 -2.86421638857134e+06 
-2.57294399841340e+06  5.07953744236346e+06 -2.86419307901465e+06 
-2.57300519055220e+06  5.07951104974908e+06 -2.86418496944053e+06 
-2.57215654385465e+06  5.07719822651770e+06 -2.86901135425645e+06 
-2.57212481699614e+06  5.07722998646006e+06 -2.86898377915367e+06 
-2.57207602076183e+06  5.07725823288198e+06 -2.86897757998308e+06 
-2.57216111741598e+06  5.07722455327563e+06 -2.86896100306416e+06 
-2.57213080354283e+06  5.07724879360817e+06 -2.86894538751916e+06 
-2.57209511247470e+06  5.07726765131888e+06 -2.86894402199781e+06 
-2.58034280036221e+06  5.07732155888211e+06 -2.86148297904471e+06 
-2.58027082807709e+06  5.07735965380371e+06 -2.86148030256455e+06 
-2.58031221589452e+06  5.07734407169120e+06 -2.86147069511286e+06 
-2.58028086429995e+06  5.07737461953615e+06 -2.86144493579127e+06 
-2.58033980558367e+06  5.07734675580939e+06 -2.86144125178727e+06 
-2.58031736396800e+06  5.07736894593442e+06 -2.86142224246585e+06 
-2.58567798955910e+06  5.07638002893576e+06 -2.85835681210033e+06 
-2.58563781130968e+06  5.07642065310110e+06 -2.85832124870748e+06 
-2.58567049049289e+06  5.07640563778526e+06 -2.85831837368434e+06 
-2.58572559457927e+06  5.07638496245068e+06 -2.85830533272058e+06 
-2.58566867450875e+06  5.07643035523399e+06 -2.85827640043966e+06 
-2.58572296679670e+06  5.07640337562787e+06 -2.85827521066801e+06 
-2.59007478184907e+06  5.07983178897512e+06 -2.84829373045424e+06 
-2.59005616476654e+06  5.07985434292751e+06 -2.84827059128020e+06 
-2.59011908789548e+06  5.07983205614185e+06 -2.84825323686902e+06 
-2.59006574081373e+06  5.07986937783494e+06 -2.84823530632555e+06 
-2.59010127571140e+06  5.07985423882944e+06 -2.84823002832210e+06 
-2.59002849915330e+06  5.07989162017684e+06 -2.84822954130440e+06 
-2.59775944010855e+06  5.07628474480946e+06 -2.84762363369129e+06 
-2.59772405360905e+06  5.07631170051504e+06 -2.84760796810632e+06 
-2.59781887840124e+06  5.07626767076730e+06 -2.84760000612023e+06 
-2.59774946669345e+06  5.07631622470051e+06 -2.84757692890143e+06 
-2.59778599090173e+06  5.07630291786072e+06 -2.84756739488418e+06 
-2.59775778280793e+06  5.07633050914511e+06 -2.84754409882465e+06 
-2.55772089517605e+06  5.08690629164644e+06 -2.86474611281338e+06 
-2.55774411787735e+06  5.08691303491833e+06 -2.86471362367316e+06 
-2.55777976064045e+06  5.08689685162944e+06 -2.86471055751749e+06 
-2.55771907343307e+06  5.08693567415771e+06 -2.86469590282394e+06 
-2.55775921489179e+06  5.08693078275005e+06 -2.86466893007269e+06 
-2.55771695407045e+06  5.08695563833564e+06 -2.86466256841622e+06 
-2.55455396930583e+06  5.08649670039345e+06 -2.86827319913929e+06 
-2.55458802621019e+06  5.08648086388360e+06 -2.86827096595455e+06 
-2.55461240738504e+06  5.08648562668828e+06 -2.86824100665182e+06 
-2.55450886750524e+06  5.08653849005585e+06 -2.86823948590804e+06 
-2.55455625011523e+06  5.08652200471089e+06 -2.86822660750234e+06 
-2.55456202554691e+06  5.08653757741634e+06 -2.86819406606864e+06 
-2.55131453753090e+06  5.09001792326188e+06 -2.86493047746046e+06 
-2.55127125835775e+06  5.09004738459480e+06 -2.86491676798678e+06 
-2.55124030638850e+06  5.09007019292498e+06 -2.86490389470674e+06 
-2.55130049044649e+06  5.09004560604075e+06 -2.86489404897035e+06 
-2.55128632299105e+06  5.09007045431853e+06 -2.86486272857942e+06 
-2.55132336224237e+06  5.09005861494954e+06 -2.86485085849738e+06 
-2.55233631717520e+06  5.08477708599359e+06 -2.87325846641138e+06 
-2.55230658862884e+06  5.08479524362042e+06 -2.87325277923385e+06 
-2.55234553934194e+06  5.08479209395371e+06 -2.87322394723441e+06 
-2.55230043864552e+06  5.08482338792247e+06 -2.87320873166056e+06 
-2.55238193941256e+06  5.08478915270714e+06 -2.87319699871561e+06 
-2.55233159043432e+06  5.08481618892059e+06 -2.87319389929601e+06 
-2.55249426529316e+06  5.08115613255090e+06 -2.87947517133979e+06 
-2.55247627953956e+06  5.08118019953392e+06 -2.87944882311919e+06 
-2.55251993367253e+06  5.08116500184414e+06 -2.87943702360573e+06 
-2.55255492305370e+06  5.08115342607734e+06 -2.87942650442729e+06 
-2.55247893324414e+06  5.08119876976743e+06 -2.87941393589154e+06 
-2.55253007191390e+06  5.08119020218686e+06 -2.87938392416160e+06 
-2.55688620483989e+06  5.07605469520388e+06 -2.88453755234024e+06 
-2.55685345263743e+06  5.07608693978899e+06 -2.88451002697203e+06 
-2.55689256737852e+06  5.07606944329716e+06 -2.88450617088911e+06 
-2.55693309257537e+06  5.07605701799077e+06 -2.88449220787155e+06 
-2.55684881148596e+06  5.07610592918434e+06 -2.88448091982828e+06 
-2.55690418000847e+06  5.07609470235090e+06 -2.88445179287479e+06 
-2.55454305546401e+06  5.07363534488073e+06 -2.89082078769908e+06 
-2.55450312971469e+06  5.07366299252819e+06 -2.89080763329696e+06 
-2.55458281931745e+06  5.07362783429514e+06 -2.89079897775309e+06 
-2.55453821450901e+06  5.07365965899921e+06 -2.89078264886450e+06 
-2.55449838080604e+06  5.07368336717295e+06 -2.89077628120292e+06 
-2.55456551035128e+06  5.07365855834024e+06 -2.89076060808151e+06 
-2.56641778785487e+06  5.08882607991488e+06 -2.85361175711904e+06 
-2.56638950683382e+06  5.08884824675706e+06 -2.85359775599747e+06 
-2.56635901036234e+06  5.08886668347428e+06 -2.85359234095942e+06 
-2.56643133710618e+06  5.08884011156970e+06 -2.85357479772242e+06 
-2.56640216809310e+06  5.08886146776897e+06 -2.85356302570159e+06 
-2.56638278670097e+06  5.08888533252016e+06 -2.85353806577161e+06 
-2.57082541255883e+06  5.08822547324034e+06 -2.85073325440503e+06 
-2.57079692671030e+06  5.08824810352447e+06 -2.85071864903702e+06 
-2.57083741436339e+06  5.08823936495616e+06 -2.85069787411094e+06 
-2.57080979135638e+06  5.08825968760670e+06 -2.85068658703187e+06 
-2.57087474199532e+06  5.08822951258301e+06 -2.85068190395467e+06 
-2.57084146134410e+06  5.08826692330882e+06 -2.85064538835658e+06 
-2.56387131519835e+06  5.09223275187987e+06 -2.84984655762107e+06 
-2.56394350022140e+06  5.09219999152971e+06 -2.84984019561113e+06 
-2.56390705826811e+06  5.09222815715201e+06 -2.84982277132657e+06 
-2.56394684855759e+06  5.09222485166118e+06 -2.84979307921568e+06 
-2.56386866894493e+06  5.09226584222022e+06 -2.84979019016918e+06 
-2.56391742387250e+06  5.09224347831061e+06 -2.84978631435231e+06 
-2.56052942492793e+06  5.09547339216401e+06 -2.84707609073211e+06 
-2.56056774594005e+06  5.09545956588992e+06 -2.84706643651162e+06 
-2.56051592268099e+06  5.09549515635538e+06 -2.84704946141823e+06 
-2.56055699517358e+06  5.09548532017152e+06 -2.84703025588191e+06 
-2.56052752294922e+06  5.09551172411334e+06 -2.84700964454375e+06 
-2.56056733965481e+06  5.09549879009614e+06 -2.84699706784737e+06 
-2.55616912572859e+06  5.09895295557484e+06 -2.84477917601683e+06 
-2.55620037896701e+06  5.09894570353603e+06 -2.84476419273751e+06 
-2.55618074675025e+06  5.09897147192086e+06 -2.84473583713485e+06 
-2.55614771384135e+06  5.09898936858269e+06 -2.84473345675423e+06 
-2.55620903887083e+06  5.09897466198901e+06 -2.84470490502053e+06 
-2.55616126146146e+06  5.09900402015909e+06 -2.84469527851050e+06 
-2.54807809578327e+06  5.10059045188478e+06 -2.84907016440635e+06 
-2.54812787713343e+06  5.10057355482521e+06 -2.84905598748106e+06 
-2.54805691956640e+06  5.10062049784863e+06 -2.84903554607190e+06 
-2.54809507013868e+06  5.10060532485318e+06 -2.84902863624971e+06 
-2.54812660782818e+06  5.10059766748253e+06 -2.84901423557697e+06 
-2.54806833852993e+06  5.10063765547982e+06 -2.84899488981003e+06 
-2.54212255603997e+06  5.10932408341842e+06 -2.83879200690114e+06 
-2.54218760802413e+06  5.10930394546594e+06 -2.83877014440615e+06 
-2.54214101248706e+06  5.10933687329241e+06 -2.83875272412487e+06 
-2.54218642260399e+06  5.10932336331895e+06 -2.83873648373086e+06 
-2.54211382826423e+06  5.10936228484320e+06 -2.83873147380294e+06 
-2.54215156734381e+06  5.10935166977494e+06 -2.83871688189252e+06 
