-4.571986070034e+02 5.379349342558e+02 0.000000000000e+00
-5.412082825041e+02 5.135073953314e+02 0.000000000000e+00
-6.267148907472e+02 4.783415217361e+02 0.000000000000e+00
-7.125800256748e+02 4.317236148694e+02 0.000000000000e+00
-7.975268594323e+02 3.730325240735e+02 0.000000000000e+00
-8.801435898972e+02 3.017599915781e+02 0.000000000000e+00
6.678326073675e+02 7.216567287756e+02 0.000000000000e+00
6.200856376011e+02 8.337631324073e+02 0.000000000000e+00
5.572408582774e+02 9.461539691815e+02 0.000000000000e+00
4.785006595897e+02 1.057136387542e+03 0.000000000000e+00
3.832184225774e+02 1.164841515483e+03 0.000000000000e+00
2.709260787606e+02 1.267232610630e+03 0.000000000000e+00
2.910567562479e+02 -9.391883678437e+02 0.000000000000e+00
4.120172346031e+02 -9.538914808881e+02 0.000000000000e+00
5.407729440640e+02 -9.556617238856e+02 0.000000000000e+00
6.762566370811e+02 -9.429619207031e+02 0.000000000000e+00
8.171731325022e+02 -9.142976468916e+02 0.000000000000e+00
9.619925939295e+02 -8.682451720695e+02 0.000000000000e+00
-9.588893636154e+02 2.175316390681e+02 0.000000000000e+00
-1.032102872204e+03 1.201283484808e+02 0.000000000000e+00
-1.098013802341e+03 9.507754704129e+00 0.000000000000e+00
-1.154757296671e+03 -1.141744668385e+02 0.000000000000e+00
-1.200391555080e+03 -2.505438685912e+02 0.000000000000e+00
-1.232918672690e+03 -3.989874385607e+02 0.000000000000e+00
4.536557449468e+02 -2.261346116456e+02 0.000000000000e+00
5.022271769301e+02 -1.862996956685e+02 0.000000000000e+00
5.487565751584e+02 -1.389526885261e+02 0.000000000000e+00
5.922909371633e+02 -8.394364846244e+01 0.000000000000e+00
6.318119885450e+02 -2.122279806626e+01 0.000000000000e+00
6.662442004039e+02 4.914701648278e+01 0.000000000000e+00
-3.098955411343e+01 5.059447055195e+02 0.000000000000e+00
-8.977331929883e+01 5.280913415267e+02 0.000000000000e+00
-1.540417293915e+02 5.447134788440e+02 0.000000000000e+00
-2.234481365269e+02 5.549108222460e+02 0.000000000000e+00
-2.975265120077e+02 5.577766315287e+02 0.000000000000e+00
-3.756846649962e+02 5.524108944324e+02 0.000000000000e+00
-2.372660151469e+02 -6.649130753677e+02 0.000000000000e+00
-1.741063081361e+02 -7.254538190527e+02 0.000000000000e+00
-1.008984641347e+02 -7.819217771851e+02 0.000000000000e+00
-1.759360505320e+01 -8.329742118984e+02 0.000000000000e+00
7.570778743066e+01 -8.771947825056e+02 0.000000000000e+00
1.787399763961e+02 -9.131067036180e+02 0.000000000000e+00
6.944646221503e+02 1.269781411119e+02 0.000000000000e+00
7.153145906402e+02 2.119464237214e+02 0.000000000000e+00
7.276133548819e+02 3.035802554490e+02 0.000000000000e+00
7.301736307280e+02 4.012505970290e+02 0.000000000000e+00
7.218190720016e+02 5.041622584320e+02 0.000000000000e+00
7.014036135010e+02 6.113467120399e+02 0.000000000000e+00
4.694207212007e+03 -1.288735780538e+03 -1.857059682766e+00
4.746438648020e+03 -1.268406720961e+03 -1.891594435976e+00
4.650353070787e+03 -1.260897425310e+03 -1.819366248827e+00
4.730948525056e+03 -1.225705974370e+03 -1.871705835072e+00
4.694520039001e+03 -1.222702961623e+03 -1.844228512693e+00
4.646035971176e+03 -1.215634755504e+03 -1.807393732020e+00
-3.455941495785e+03 -3.476657704185e+03 -1.887627340338e+00
-3.417769927985e+03 -3.474298320801e+03 -1.865781003629e+00
-3.383165237141e+03 -3.438208785717e+03 -1.827696222083e+00
-3.414335795851e+03 -3.421189246761e+03 -1.835100199568e+00
-3.452282925385e+03 -3.409026947639e+03 -1.848970290873e+00
-3.422537249173e+03 -3.375409505271e+03 -1.814987090481e+00
-1.646086906455e+03 -6.206545201956e+03 -3.246182931844e+00
-1.694129553647e+03 -6.188813334978e+03 -3.241443469026e+00
-1.647215429219e+03 -6.162502824404e+03 -3.203568873379e+00
-1.703087190624e+03 -6.149303802013e+03 -3.205434245041e+00
-1.602836021830e+03 -6.126492132083e+03 -3.157415724045e+00
-1.680457315886e+03 -6.117118446703e+03 -3.168341688770e+00
6.130623033764e+03 1.603979537766e+03 -3.146980382966e+00
6.167543159610e+03 1.634859394323e+03 -3.190427591483e+00
6.127614327138e+03 1.652686703521e+03 -3.156584307302e+00
6.199079258921e+03 1.674772031069e+03 -3.231383519252e+00
6.167102844248e+03 1.690080384185e+03 -3.204463022915e+00
6.120762517034e+03 1.690245871297e+03 -3.159898750654e+00
-3.558505595805e+03 -1.000480358196e+03 -1.070843272965e+00
-3.605440995444e+03 -9.708799197343e+02 -1.092588432152e+00
-3.522840855081e+03 -9.644079801568e+02 -1.045475999024e+00
-3.558184286023e+03 -9.414355710680e+02 -1.061633567340e+00
-3.533938936750e+03 -9.112022724628e+02 -1.043751610336e+00
-3.599436056443e+03 -9.051876732703e+02 -1.079492525607e+00
2.605888047568e+03 -2.653606197331e+03 -1.086571177829e+00
2.641521215266e+03 -2.640316361749e+03 -1.095678028135e+00
2.571553923273e+03 -2.632900393765e+03 -1.064024213170e+00
2.673557470328e+03 -2.623046995716e+03 -1.101858409229e+00
2.604401178070e+03 -2.586407219652e+03 -1.058231151122e+00
2.639041577629e+03 -2.568702856407e+03 -1.065272076401e+00
-1.283325440828e+03 4.638290141947e+03 -1.823440295038e+00
-1.209569587440e+03 4.663046837489e+03 -1.827172458984e+00
-1.302163429409e+03 4.668781503888e+03 -1.849606796715e+00
-1.258985935926e+03 4.684355510065e+03 -1.852416347357e+00
-1.292620451693e+03 4.705444013993e+03 -1.874735423312e+00
-1.229573362511e+03 4.718405055599e+03 -1.871898090952e+00
9.470199090177e+02 3.535689749533e+03 -1.054844331617e+00
9.076838720201e+02 3.548251847383e+03 -1.056137725717e+00
9.811573278877e+02 3.548444683693e+03 -1.067117444308e+00
1.008036927046e+03 3.573295061946e+03 -1.085244935434e+00
9.707393988149e+02 3.587368508023e+03 -1.087400262344e+00
9.351022726158e+02 3.599993561593e+03 -1.089226297391e+00
-4.484846451383e+03 4.455083267520e+03 -3.138918502048e+00
-4.458225978319e+03 4.484749454429e+03 -3.141156341842e+00
-4.537226072474e+03 4.490598150777e+03 -3.200962104867e+00
-4.495672553872e+03 4.501793854134e+03 -3.179486736262e+00
-4.472027632098e+03 4.537821150520e+03 -3.188525612045e+00
-4.526414766530e+03 4.541177849398e+03 -3.229265199160e+00
7.283735479292e+02 -2.773586257435e+03 -6.474423483558e-01
7.686557827216e+02 -2.758778965185e+03 -6.457145514169e-01
7.214892399715e+02 -2.718125455815e+03 -6.226722181002e-01
7.815295475143e+02 -2.707103209762e+03 -6.250319944040e-01
6.817255716886e+02 -2.699092040818e+03 -6.101803616427e-01
7.579370252001e+02 -2.674704625427e+03 -6.084539608003e-01
1.977229684445e+03 1.957424128463e+03 -6.080321864775e-01
2.033593387487e+03 1.959871621236e+03 -6.264970927915e-01
1.995558352576e+03 1.988286935783e+03 -6.233275830882e-01
1.957101596638e+03 1.991090668705e+03 -6.122982218501e-01
2.035418552645e+03 1.995310862381e+03 -6.381185596406e-01
2.002952852800e+03 2.034321148341e+03 -6.402284204657e-01
2.053062878800e+03 5.065835055273e+02 -3.504175710523e-01
2.095573116325e+03 5.158461058078e+02 -3.649793425235e-01
2.030849766487e+03 5.410029032457e+02 -3.461507703121e-01
2.070617288974e+03 5.562060532562e+02 -3.602421228793e-01
2.121848078529e+03 5.766103562187e+02 -3.788886006659e-01
2.065483482359e+03 5.918370718977e+02 -3.618004281285e-01
-1.523211156828e+03 1.462045857172e+03 -3.501162155409e-01
-1.530424834839e+03 1.509417762692e+03 -3.629284280330e-01
-1.467533991993e+03 1.529852420598e+03 -3.530494892536e-01
-1.569529808180e+03 1.533632853630e+03 -3.782286595497e-01
-1.506796298611e+03 1.539967209215e+03 -3.646434257938e-01
-1.548555958488e+03 1.565050723274e+03 -3.807729921643e-01
-2.734852150632e+03 6.893816966118e+02 -6.233631593452e-01
-2.683336179622e+03 6.904564397931e+02 -6.016136147653e-01
-2.708572843677e+03 7.158831277122e+02 -6.150898935185e-01
-2.665821042243e+03 7.449497042451e+02 -6.004345029293e-01
-2.750820855524e+03 7.481280654679e+02 -6.368767759511e-01
-2.704308744475e+03 7.658396302700e+02 -6.191116896630e-01
-5.664720941999e+02 -2.130150380046e+03 -3.825138140575e-01
-5.105656331032e+02 -2.098650576479e+03 -3.673054428607e-01
-5.697338483411e+02 -2.092256563875e+03 -3.702023473693e-01
-6.120853490610e+02 -2.079028900659e+03 -3.697776981817e-01
-5.346401428571e+02 -2.055701759800e+03 -3.552240237091e-01
-5.637834315485e+02 -2.021707049484e+03 -3.468148812503e-01
1.478430067544e+03 -5.956631103941e+02 -1.991757236522e-01
1.464537373195e+03 -5.617852384519e+02 -1.928844515879e-01
1.499111011330e+03 -5.536542994233e+02 -2.001970999812e-01
1.431608963585e+03 -5.256592765891e+02 -1.823195053433e-01
1.497485446139e+03 -5.143885030617e+02 -1.965125042898e-01
1.458452945725e+03 -4.836466712484e+02 -1.850574377314e-01
-1.232718293270e+03 -1.063060228150e+03 -2.080501573124e-01
-1.192651030947e+03 -1.054034967460e+03 -1.989324121562e-01
-1.188370778953e+03 -1.012752359144e+03 -1.914140632717e-01
-1.148541774606e+03 -1.004951611565e+03 -1.828828354169e-01
-1.245825924556e+03 -9.950131342129e+02 -1.995652477001e-01
-1.213852702683e+03 -9.543615981763e+02 -1.871630298409e-01
-2.568320379680e+02 1.501376271301e+03 -1.827024741192e-01
-3.090973933191e+02 1.509128922409e+03 -1.868578428987e-01
-2.269766613002e+02 1.528653723260e+03 -1.880805332199e-01
-2.745894979730e+02 1.548458375347e+03 -1.947510780250e-01
-2.547159965036e+02 1.581076256299e+03 -2.019667266061e-01
-3.107694606672e+02 1.582605156259e+03 -2.048308365365e-01
-4.226661908334e+02 -2.798100938739e+02 0.000000000000e+00
-4.124538576313e+02 -3.417916458582e+02 0.000000000000e+00
-3.947148457669e+02 -4.057607903179e+02 0.000000000000e+00
-3.688428006365e+02 -4.709671737835e+02 0.000000000000e+00
-3.342854765373e+02 -5.365538334624e+02 0.000000000000e+00
-2.905595354076e+02 -6.015579109152e+02 0.000000000000e+00
1.085228561007e+02 -1.396138798977e+02 -2.457807052281e-03
-5.251774315629e+01 7.949943843636e+01 -7.138454488143e-04
6.712021302927e+01 -5.278123454816e+01 -5.723399465936e-04
-1.170528366300e+02 -4.887697950743e+01 -1.261513464282e-03
2.862961569155e+01 9.353768390051e+00 -7.110037061153e-05
-1.873870794854e+01 1.621524626508e+02 -2.098375734661e-03
-1.648197836673e+01 6.117198339124e+01 -3.159988981025e-04
-6.779626741445e+00 -3.776201279766e+01 -1.159087486169e-04
9.795740572237e+01 5.836281474122e+01 -1.019989009663e-03
-1.319252693155e+02 4.741649818595e+01 -1.540519741372e-03
-8.685337973426e+01 4.877863017808e+01 -7.783488804733e-04
1.424137277806e+02 1.220351539927e+02 -2.761784720022e-03
-1.232654099012e+00 -9.207766049048e+01 -6.678667159434e-04
3.269521842028e+01 -6.798185709260e+01 -4.477350261354e-04
-3.918679993840e+01 1.368826604587e+01 -1.350521606094e-04
-1.825037792210e+02 3.822415068961e+00 -2.610447648796e-03
3.526035373078e+01 8.043244082166e+01 -6.069258426464e-04
1.378800307771e+02 6.399222840233e+01 -1.811820519571e-03
-4.166187597050e+01 -4.498518224682e+01 -2.953604805533e-04
4.575756915249e+01 -2.147659629159e+01 -2.003492066294e-04
1.463093288835e+02 1.484756291091e+01 -1.694323706024e-03
1.704348886565e+02 -4.931746653638e+01 -2.467160980189e-03
7.110622080236e+01 -9.697082326883e+01 -1.136695113409e-03
-4.377986824216e+01 1.287836472535e+02 -1.456399820853e-03
9.488623889041e+01 1.334259179585e+02 -2.107443088626e-03
-8.203274078445e+01 1.538576660985e+02 -2.391588345994e-03
9.503522003868e+00 1.157723873348e+02 -1.062708829785e-03
2.563707732040e+01 -1.609326194223e+02 -2.091308815181e-03
-4.599583992281e+01 -1.062026280484e+02 -1.054066417645e-03
6.204127564854e+01 1.112393796351e+02 -1.276121844008e-03
9.841365138953e+01 -7.433662310328e+01 -1.193957453196e-03
6.343329055247e+01 1.681976058382e+02 -2.543366068110e-03
-5.863032957989e+01 -1.494205273925e+02 -2.027719366438e-03
1.773850605971e+02 6.153639018080e+01 -2.763223901713e-03
-7.610661050857e+01 -6.547462259071e+01 -7.913912135891e-04
-1.300249828342e+02 -1.060059885907e+02 -2.209491709394e-03
7.079863919516e+01 6.748676241984e+00 -3.962591162230e-04
-1.088322046095e+02 -2.055823481131e+00 -9.282219342953e-04
6.531041256587e+01 -1.642301939251e+02 -2.458422028042e-03
-1.812022518613e+02 5.411046896606e+01 -2.802823004998e-03
-7.533171033679e+01 1.505649154601e+01 -4.624174730772e-04
1.868283644714e+02 2.559470248260e+01 -2.786013925864e-03
-1.844313981496e+02 -5.797009594199e+01 -2.929378986110e-03
5.161295091168e+01 3.770761125826e+01 -3.206733956365e-04
-6.078728734075e+01 -1.861931046602e+02 -3.019903991699e-03
-1.573247798510e+02 9.482009583062e+01 -2.647102870924e-03
1.443395633561e+02 -1.144436239183e+02 -2.663662901973e-03
-1.600073088965e+02 -2.473396226308e+01 -2.053849816241e-03
1.168065530174e+01 1.927722567130e+02 -2.937489432213e-03
1.758122293878e+02 -9.440348533052e+01 -3.123369504401e-03
3.224842610705e+01 1.444254238117e+02 -1.724302027696e-03
-1.999079297737e+01 -1.382660915939e+02 -1.536995388250e-03
-1.097178204448e+02 9.940775071416e+01 -1.721342954788e-03
1.055718235243e+02 2.318129502452e+01 -9.154479142399e-04
1.985877520247e+02 -1.507268302461e+01 -3.107368984416e-03
-1.493700261818e+02 -7.661075527564e+01 -2.210118426500e-03
3.911680884882e+01 -1.170511096893e+02 -1.198950330455e-03
-9.029169635309e+01 -1.223653777270e+02 -1.817964626113e-03
-2.972314860386e+00 2.660215581775e+01 -5.642677057516e-05
1.233057200106e+02 -3.611943780763e+01 -1.293847954441e-03
-1.260979685644e+02 -1.479274264724e+02 -2.969107527406e-03
-9.592774370162e+01 -1.683377748691e+02 -2.952760347100e-03
-7.596767517437e+01 -2.633424781757e+01 -5.067245902364e-04
-1.195697058109e+02 1.462619750567e+02 -2.804890234820e-03
-5.255795568438e+01 1.873218641894e+02 -2.980036461750e-03
-8.181179991219e+00 -1.917053005089e+02 -2.899737176648e-03
-1.443608417135e+02 7.685423736729e+00 -1.637240973264e-03
9.893250791382e+01 1.727058598204e+02 -3.115947368840e-03
1.114972428738e+02 9.936119881145e+01 -1.751454322132e-03
-2.214834886640e+01 1.005682920592e+02 -8.350032585085e-04
1.412285327038e+02 -7.678683479568e+01 -2.026904017473e-03
1.702182058388e+02 1.000685603067e+02 -3.058505478535e-03
3.855988702897e+01 -1.957440457855e+02 -3.134219014569e-03
-1.666268003195e+02 -1.072462795064e+02 -3.080926948400e-03
8.918896807079e+01 -2.425460382411e+01 -6.694947276511e-04
1.934659921841e+02 -1.610581730269e+02 -4.975173718591e-03
1.986743410443e+02 -1.979238942192e+02 -6.177497956244e-03
-1.876963312257e+02 2.349183595205e+02 -7.106377326011e-03
1.325389499698e+02 -2.052380950910e+02 -4.693726878443e-03
-2.802640095123e+02 9.680240624156e+01 -6.891423513132e-03
7.932600916459e+01 -2.904434666844e+02 -7.136932668544e-03
-1.319026418031e+02 -2.153132050495e+02 -5.014260357953e-03
2.817560876728e+02 1.390030555560e+02 -7.740864345493e-03
-1.638522441357e+02 -1.910338005953e+02 -4.977468786990e-03
1.999029464501e+02 1.747456142397e+02 -5.535549637003e-03
-8.465451270531e+01 -2.396778958615e+02 -5.085807950749e-03
-2.293036618921e+02 -8.236251485590e+01 -4.653365822669e-03
5.465362196140e+01 -2.468975106394e+02 -5.035068048926e-03
-1.464904899782e+02 2.066425567523e+02 -5.044250907815e-03
-2.897466822457e+02 5.528071598126e+01 -6.817521130689e-03
-1.645673662763e+02 -2.375756856051e+02 -6.567002419686e-03
-2.678560872307e+02 1.813081142814e+01 -5.646498795207e-03
-1.191634125752e+02 2.824405186728e+02 -7.395286990032e-03
2.790363664906e+02 -1.253508963979e+02 -7.337143901367e-03
-2.273777404593e+02 6.125637065695e+01 -4.345730456802e-03
-2.559001279091e+02 1.600889885634e+02 -7.148531752279e-03
9.426061739799e+01 2.214737337452e+02 -4.559266971512e-03
2.638306897005e+02 4.898669303923e+01 -5.641937953069e-03
1.181642594427e+02 -2.567226527779e+02 -6.284616017140e-03
1.153418718581e+02 -1.745372417332e+02 -3.441482705526e-03
-6.374201201444e+01 2.774271872313e+02 -6.380115543791e-03
-1.022929144703e+02 2.170748819051e+02 -4.531008104081e-03
2.432104085287e+02 -1.023811524643e+02 -5.459430022022e-03
1.679038386899e+02 2.402692058373e+02 -6.755268751178e-03
-4.270659401584e+01 2.312034261734e+02 -4.352992010723e-03
-2.313366531600e+02 1.945307658976e+02 -7.172908277894e-03
2.421604864945e+02 9.555225428910e+01 -5.313048883636e-03
-2.168486636546e+02 -3.683314729072e+01 -3.790630855075e-03
1.371564478838e+02 2.573916147855e+02 -6.691588677697e-03
5.397983327974e+01 2.615893763022e+02 -5.617724122217e-03
-1.814778063654e+02 -1.399249602460e+02 -4.122075467265e-03
1.050725348857e+01 -2.466170706431e+02 -4.798815190412e-03
-1.075475256356e+02 -2.733637309545e+02 -6.791652052200e-03
-2.189890956124e+02 1.452689749796e+02 -5.418934160687e-03
-2.762531434485e+02 -1.170308041498e+02 -7.057236343108e-03
-1.614904818749e+02 1.309588168182e+02 -3.393772454871e-03
1.570928889696e+02 -1.662985453660e+02 -4.111392346246e-03
-2.047859950635e+01 3.000439761813e+02 -7.123309572322e-03
2.240391075909e+02 1.459170707209e+02 -5.609067864242e-03
2.128519082175e+02 -6.961681300476e+01 -3.930944136968e-03
-2.314146151366e+02 1.091200082657e+02 -5.133095608073e-03
1.283388090763e+01 2.631440194658e+02 -5.466609263834e-03
1.771376892880e+02 1.435300599706e+02 -4.080631068895e-03
2.809972426368e+02 -1.073307448068e+01 -6.194701450680e-03
-2.005331984922e+02 -2.009997537431e+02 -6.332264964428e-03
2.463107895535e+02 -1.604474733088e+02 -6.780312878291e-03
-2.416478773045e+02 -1.981340573272e+02 -7.666400096568e-03
-2.142220698591e+02 -1.677420120329e+02 -5.811170599699e-03
-2.710649486440e+02 -7.647206517201e+01 -6.216661390742e-03
-4.013026700703e+01 -2.734287090173e+02 -6.014501320820e-03
2.251013107206e+02 6.303365565469e+01 -4.282432549360e-03
1.691005148663e+02 -2.215450855892e+02 -6.105820837007e-03
2.360188792684e+02 1.957262192163e+02 -7.381079931335e-03
9.218333488174e+01 2.745628126897e+02 -6.602991777598e-03
-2.788394561526e+02 -3.915453278615e+01 -6.211737081877e-03
3.053210499880e+02 -6.804534008893e+01 -7.667536328093e-03
-1.803790957465e+02 1.896153680893e+02 -5.380624224074e-03
2.605556273823e+01 3.117877348069e+02 -7.709543345982e-03
-1.318079943869e+02 2.404280794398e+02 -5.913778134797e-03
-2.157535809321e+02 -1.301063337809e+02 -4.979879808822e-03
2.357430639887e+02 -2.009261257465e+02 -7.533327480104e-03
-2.070637371770e+01 -2.304734063134e+02 -4.217154410995e-03
1.695871318611e+02 -2.569082763128e+02 -7.451314089522e-03
2.956907725350e+02 3.167779962798e+01 -6.928479708492e-03
2.193421648414e+02 -1.312132955024e+02 -5.124979100614e-03
1.729036721934e+02 2.037758074179e+02 -5.612477824357e-03
2.500518672641e+02 9.785662937817e+00 -4.905781271915e-03
-4.045991540177e+00 2.282229579654e+02 -4.103537743475e-03
2.025181929343e+02 2.228397421145e+02 -7.123993912899e-03
2.057272756169e+02 1.085631253080e+02 -4.243868529024e-03
-3.095481239431e+02 2.342724240640e+01 -7.549707076175e-03
-3.197943571754e+02 -8.640981975969e+01 -8.599712764166e-03
4.164789954096e+02 -6.295722276377e+01 -1.390050446462e-02
-3.832452556086e+02 -1.191454623877e+02 -1.262428529927e-02
6.430923808117e+01 3.924970576232e+02 -1.245724636183e-02
8.688033825047e+01 -3.672739097652e+02 -1.121523667652e-02
-1.681644330910e+02 -3.461239626617e+02 -1.165094000484e-02
-4.087555066652e+01 -3.544894783354e+02 -1.002806454969e-02
3.888510934701e+02 -1.431029801325e+02 -1.345818785259e-02
-3.428243754036e+02 -1.869300074397e+02 -1.195919645718e-02
-4.198151514907e+01 4.161630756241e+02 -1.377861487356e-02
-2.563586807153e+02 2.225606535587e+02 -9.049676848932e-03
3.193136943577e+02 -2.249905728726e+02 -1.197445839507e-02
2.088911554041e+02 -3.308429223734e+02 -1.203919152425e-02
4.139864121692e+02 1.487818584724e+01 -1.344360474753e-02
8.982796031523e+01 3.664288175565e+02 -1.120720574357e-02
1.474191328571e+02 -2.908252331269e+02 -8.363956175131e-03
-3.345616024260e+02 1.102079750561e+02 -9.725235388807e-03
3.308969720452e+02 -1.328589028127e+02 -9.967826638793e-03
-3.466209940028e+02 1.487275306179e+02 -1.115432613539e-02
1.735029500924e+02 -3.143430370095e+02 -1.014064277901e-02
1.364044474500e+02 -3.369005194403e+02 -1.039698778598e-02
1.084508613171e+01 -4.200281039170e+02 -1.390430191879e-02
2.681785847615e+02 -2.430798297197e+02 -1.028788741120e-02
-1.730648464261e+02 3.582863139988e+02 -1.245669765902e-02
-3.099699917842e+02 2.006508206901e+02 -1.069788667938e-02
-1.010456491868e+02 -3.624774477056e+02 -1.114810304549e-02
-3.230268774219e+02 -1.716717292717e+01 -8.197634512309e-03
2.495222417039e+00 3.729619471999e+02 -1.095602851308e-02
3.237266159460e+02 1.341622721248e+02 -9.627518508601e-03
3.289636694535e+02 6.431777282093e+01 -8.803467382311e-03
-3.049384309465e+02 1.418645001184e+02 -8.869657843903e-03
2.301167378626e+02 3.495410100668e+02 -1.377114872952e-02
-2.115945852267e+02 -3.550241377708e+02 -1.343448380311e-02
-2.552161564738e+02 -2.348603574035e+02 -9.446999366403e-03
-3.279198083916e+02 6.168295790156e+01 -8.723605347935e-03
3.427574832735e+02 -8.778102813709e+01 -9.810394769623e-03
3.766482256124e+02 2.151671102561e+00 -1.111389045992e-02
3.574366915390e+02 1.468037279750e+02 -1.170608885412e-02
4.029039528764e+02 6.439983768171e+01 -1.304359488934e-02
4.237664398472e+01 -3.336611456313e+02 -8.908988808741e-03
-2.954152475136e+02 -2.725878003021e+02 -1.268886470017e-02
-7.329604305193e+01 3.948980600922e+02 -1.270302158667e-02
-2.146573349191e+02 -2.927197834187e+02 -1.035822585870e-02
2.081364905438e+02 3.216173938611e+02 -1.154045997563e-02
2.599184234549e+02 2.644399343691e+02 -1.079997205461e-02
9.364025174850e+00 -3.207959953259e+02 -8.112046993034e-03
3.782469165873e+02 -5.734949976186e+01 -1.146710440749e-02
-3.367520035715e+02 2.376188007829e+02 -1.333081940803e-02
2.499908023508e+02 -6.190132776108e+01 -5.197639220050e-03
-1.035303963489e+02 -4.099334604882e+02 -1.407490870415e-02
-7.340123622716e+01 -3.203164377642e+02 -8.503032190447e-03
-4.086875672973e+02 3.281950186595e+00 -1.308552110343e-02
8.406692494347e+01 -4.032841582640e+02 -1.336298510711e-02
-3.548384017858e+02 1.509937281381e+01 -9.881687394928e-03
9.213916637324e+01 -3.287396385763e+02 -9.176622578849e-03
1.503004252549e+02 4.195095400043e+02 -1.563050677731e-02
1.090447270137e+02 4.337744470505e+02 -1.575098301325e-02
1.555984115402e+02 3.665356548237e+02 -1.247791527169e-02
1.206651231382e+02 3.464046545928e+02 -1.059149938470e-02
1.214906886260e+02 3.935603236093e+02 -1.335537388908e-02
1.855314579702e+02 3.892516129939e+02 -1.463002603370e-02
-4.335667058969e+02 -7.732201116008e+01 -1.519711242034e-02
-3.630766458183e+02 -7.928317640052e+01 -1.082212718389e-02
-4.217486483355e+02 -3.187667214476e+01 -1.401440341345e-02
-4.389628724069e+02 -1.253920095231e+02 -1.633343690893e-02
-4.664301407618e+02 -9.768171842250e+01 -1.779478168950e-02
-3.911600829877e+02 -5.460425010553e+01 -1.222123786669e-02
3.183762957520e+02 -3.430011668745e+02 -1.720682078982e-02
2.824018085399e+02 -3.249497497330e+02 -1.456405097463e-02
2.864487221673e+02 -2.765121582237e+02 -1.244985896895e-02
2.503828439192e+02 -3.436511436720e+02 -1.421244002404e-02
3.104745268763e+02 -3.032755539819e+02 -1.479549545115e-02
2.414668727542e+02 -3.064484883642e+02 -1.196406018919e-02
