4.536557449468e+02 -2.261346116456e+02 0.000000000000e+00
5.022271769301e+02 -1.862996956685e+02 0.000000000000e+00
5.487565751584e+02 -1.389526885261e+02 0.000000000000e+00
5.922909371633e+02 -8.394364846244e+01 0.000000000000e+00
6.318119885450e+02 -2.122279806626e+01 0.000000000000e+00
6.662442004039e+02 4.914701648278e+01 0.000000000000e+00
-4.226661908334e+02 -2.798100938739e+02 0.000000000000e+00
-4.124538576313e+02 -3.417916458582e+02 0.000000000000e+00
-3.947148457669e+02 -4.057607903179e+02 0.000000000000e+00
-3.688428006365e+02 -4.709671737835e+02 0.000000000000e+00
-3.342854765373e+02 -5.365538334624e+02 0.000000000000e+00
-2.905595354076e+02 -6.015579109152e+02 0.000000000000e+00
-2.372660151469e+02 -6.649130753677e+02 0.000000000000e+00
-1.741063081361e+02 -7.254538190527e+02 0.000000000000e+00
-1.008984641347e+02 -7.819217771851e+02 0.000000000000e+00
-1.759360505320e+01 -8.329742118984e+02 0.000000000000e+00
7.570778743066e+01 -8.771947825056e+02 0.000000000000e+00
1.787399763961e+02 -9.131067036180e+02 0.000000000000e+00
-3.098955411343e+01 5.059447055195e+02 0.000000000000e+00
-8.977331929883e+01 5.280913415267e+02 0.000000000000e+00
-1.540417293915e+02 5.447134788440e+02 0.000000000000e+00
-2.234481365269e+02 5.549108222460e+02 0.000000000000e+00
-2.975265120077e+02 5.577766315287e+02 0.000000000000e+00
-3.756846649962e+02 5.524108944324e+02 0.000000000000e+00
-4.571986070034e+02 5.379349342558e+02 0.000000000000e+00
-5.412082825041e+02 5.135073953314e+02 0.000000000000e+00
-6.267148907472e+02 4.783415217361e+02 0.000000000000e+00
-7.125800256748e+02 4.317236148694e+02 0.000000000000e+00
-7.975268594323e+02 3.730325240735e+02 0.000000000000e+00
-8.801435898972e+02 3.017599915781e+02 0.000000000000e+00
6.944646221503e+02 1.269781411119e+02 0.000000000000e+00
7.153145906402e+02 2.119464237214e+02 0.000000000000e+00
7.276133548819e+02 3.035802554490e+02 0.000000000000e+00
7.301736307280e+02 4.012505970290e+02 0.000000000000e+00
7.218190720016e+02 5.041622584320e+02 0.000000000000e+00
7.014036135010e+02 6.113467120399e+02 0.000000000000e+00
1.085228561007e+02 -1.396138798977e+02 -2.457807052281e-03
-5.251774315629e+01 7.949943843636e+01 -7.138454488143e-04
6.712021302927e+01 -5.278123454816e+01 -5.723399465936e-04
-1.170528366300e+02 -4.887697950743e+01 -1.261513464282e-03
2.862961569155e+01 9.353768390051e+00 -7.110037061153e-05
-1.873870794854e+01 1.621524626508e+02 -2.098375734661e-03
-1.648197836673e+01 6.117198339124e+01 -3.159988981025e-04
-6.779626741445e+00 -3.776201279766e+01 -1.159087486169e-04
9.795740572237e+01 5.836281474122e+01 -1.019989009663e-03
-1.319252693155e+02 4.741649818595e+01 -1.540519741372e-03
-8.685337973426e+01 4.877863017808e+01 -7.783488804733e-04
1.424137277806e+02 1.220351539927e+02 -2.761784720022e-03
-1.232654099012e+00 -9.207766049048e+01 -6.678667159434e-04
3.269521842028e+01 -6.798185709260e+01 -4.477350261354e-04
-3.918679993840e+01 1.368826604587e+01 -1.350521606094e-04
-1.825037792210e+02 3.822415068961e+00 -2.610447648796e-03
3.526035373078e+01 8.043244082166e+01 -6.069258426464e-04
1.378800307771e+02 6.399222840233e+01 -1.811820519571e-03
-4.166187597050e+01 -4.498518224682e+01 -2.953604805533e-04
4.575756915249e+01 -2.147659629159e+01 -2.003492066294e-04
1.463093288835e+02 1.484756291091e+01 -1.694323706024e-03
1.704348886565e+02 -4.931746653638e+01 -2.467160980189e-03
7.110622080236e+01 -9.697082326883e+01 -1.136695113409e-03
-4.377986824216e+01 1.287836472535e+02 -1.456399820853e-03
9.488623889041e+01 1.334259179585e+02 -2.107443088626e-03
-8.203274078445e+01 1.538576660985e+02 -2.391588345994e-03
9.503522003868e+00 1.157723873348e+02 -1.062708829785e-03
2.563707732040e+01 -1.609326194223e+02 -2.091308815181e-03
-4.599583992281e+01 -1.062026280484e+02 -1.054066417645e-03
6.204127564854e+01 1.112393796351e+02 -1.276121844008e-03
9.841365138953e+01 -7.433662310328e+01 -1.193957453196e-03
6.343329055247e+01 1.681976058382e+02 -2.543366068110e-03
-5.863032957989e+01 -1.494205273925e+02 -2.027719366438e-03
1.773850605971e+02 6.153639018080e+01 -2.763223901713e-03
-7.610661050857e+01 -6.547462259071e+01 -7.913912135891e-04
-1.300249828342e+02 -1.060059885907e+02 -2.209491709394e-03
7.079863919516e+01 6.748676241984e+00 -3.962591162230e-04
-1.088322046095e+02 -2.055823481131e+00 -9.282219342953e-04
6.531041256587e+01 -1.642301939251e+02 -2.458422028042e-03
-1.812022518613e+02 5.411046896606e+01 -2.802823004998e-03
-7.533171033679e+01 1.505649154601e+01 -4.624174730772e-04
1.868283644714e+02 2.559470248260e+01 -2.786013925864e-03
-1.844313981496e+02 -5.797009594199e+01 -2.929378986110e-03
5.161295091168e+01 3.770761125826e+01 -3.206733956365e-04
-6.078728734075e+01 -1.861931046602e+02 -3.019903991699e-03
-1.573247798510e+02 9.482009583062e+01 -2.647102870924e-03
1.443395633561e+02 -1.144436239183e+02 -2.663662901973e-03
-1.600073088965e+02 -2.473396226308e+01 -2.053849816241e-03
1.168065530174e+01 1.927722567130e+02 -2.937489432213e-03
1.758122293878e+02 -9.440348533052e+01 -3.123369504401e-03
3.224842610705e+01 1.444254238117e+02 -1.724302027696e-03
-1.999079297737e+01 -1.382660915939e+02 -1.536995388250e-03
-1.097178204448e+02 9.940775071416e+01 -1.721342954788e-03
1.055718235243e+02 2.318129502452e+01 -9.154479142399e-04
1.985877520247e+02 -1.507268302461e+01 -3.107368984416e-03
-1.493700261818e+02 -7.661075527564e+01 -2.210118426500e-03
3.911680884882e+01 -1.170511096893e+02 -1.198950330455e-03
-9.029169635309e+01 -1.223653777270e+02 -1.817964626113e-03
-2.972314860386e+00 2.660215581775e+01 -5.642677057516e-05
1.233057200106e+02 -3.611943780763e+01 -1.293847954441e-03
-1.260979685644e+02 -1.479274264724e+02 -2.969107527406e-03
-9.592774370162e+01 -1.683377748691e+02 -2.952760347100e-03
-7.596767517437e+01 -2.633424781757e+01 -5.067245902364e-04
-1.195697058109e+02 1.462619750567e+02 -2.804890234820e-03
-5.255795568438e+01 1.873218641894e+02 -2.980036461750e-03
-8.181179991219e+00 -1.917053005089e+02 -2.899737176648e-03
-1.443608417135e+02 7.685423736729e+00 -1.637240973264e-03
9.893250791382e+01 1.727058598204e+02 -3.115947368840e-03
1.114972428738e+02 9.936119881145e+01 -1.751454322132e-03
-2.214834886640e+01 1.005682920592e+02 -8.350032585085e-04
1.412285327038e+02 -7.678683479568e+01 -2.026904017473e-03
1.702182058388e+02 1.000685603067e+02 -3.058505478535e-03
3.855988702897e+01 -1.957440457855e+02 -3.134219014569e-03
-1.666268003195e+02 -1.072462795064e+02 -3.080926948400e-03
8.918896807079e+01 -2.425460382411e+01 -6.694947276511e-04
1.934659921841e+02 -1.610581730269e+02 -4.975173718591e-03
1.986743410443e+02 -1.979238942192e+02 -6.177497956244e-03
-1.876963312257e+02 2.349183595205e+02 -7.106377326011e-03
1.325389499698e+02 -2.052380950910e+02 -4.693726878443e-03
-2.802640095123e+02 9.680240624156e+01 -6.891423513132e-03
7.932600916459e+01 -2.904434666844e+02 -7.136932668544e-03
-1.319026418031e+02 -2.153132050495e+02 -5.014260357953e-03
2.817560876728e+02 1.390030555560e+02 -7.740864345493e-03
-1.638522441357e+02 -1.910338005953e+02 -4.977468786990e-03
1.999029464501e+02 1.747456142397e+02 -5.535549637003e-03
-8.465451270531e+01 -2.396778958615e+02 -5.085807950749e-03
-2.293036618921e+02 -8.236251485590e+01 -4.653365822669e-03
5.465362196140e+01 -2.468975106394e+02 -5.035068048926e-03
-1.464904899782e+02 2.066425567523e+02 -5.044250907815e-03
-2.897466822457e+02 5.528071598126e+01 -6.817521130689e-03
-1.645673662763e+02 -2.375756856051e+02 -6.567002419686e-03
-2.678560872307e+02 1.813081142814e+01 -5.646498795207e-03
-1.191634125752e+02 2.824405186728e+02 -7.395286990032e-03
2.790363664906e+02 -1.253508963979e+02 -7.337143901367e-03
-2.273777404593e+02 6.125637065695e+01 -4.345730456802e-03
-2.559001279091e+02 1.600889885634e+02 -7.148531752279e-03
9.426061739799e+01 2.214737337452e+02 -4.559266971512e-03
2.638306897005e+02 4.898669303923e+01 -5.641937953069e-03
1.181642594427e+02 -2.567226527779e+02 -6.284616017140e-03
1.153418718581e+02 -1.745372417332e+02 -3.441482705526e-03
-6.374201201444e+01 2.774271872313e+02 -6.380115543791e-03
-1.022929144703e+02 2.170748819051e+02 -4.531008104081e-03
2.432104085287e+02 -1.023811524643e+02 -5.459430022022e-03
1.679038386899e+02 2.402692058373e+02 -6.755268751178e-03
-4.270659401584e+01 2.312034261734e+02 -4.352992010723e-03
-2.313366531600e+02 1.945307658976e+02 -7.172908277894e-03
2.421604864945e+02 9.555225428910e+01 -5.313048883636e-03
-2.168486636546e+02 -3.683314729072e+01 -3.790630855075e-03
1.371564478838e+02 2.573916147855e+02 -6.691588677697e-03
5.397983327974e+01 2.615893763022e+02 -5.617724122217e-03
-1.814778063654e+02 -1.399249602460e+02 -4.122075467265e-03
1.050725348857e+01 -2.466170706431e+02 -4.798815190412e-03
-1.075475256356e+02 -2.733637309545e+02 -6.791652052200e-03
-2.189890956124e+02 1.452689749796e+02 -5.418934160687e-03
-2.762531434485e+02 -1.170308041498e+02 -7.057236343108e-03
-1.614904818749e+02 1.309588168182e+02 -3.393772454871e-03
1.570928889696e+02 -1.662985453660e+02 -4.111392346246e-03
-2.047859950635e+01 3.000439761813e+02 -7.123309572322e-03
2.240391075909e+02 1.459170707209e+02 -5.609067864242e-03
2.128519082175e+02 -6.961681300476e+01 -3.930944136968e-03
-2.314146151366e+02 1.091200082657e+02 -5.133095608073e-03
1.283388090763e+01 2.631440194658e+02 -5.466609263834e-03
1.771376892880e+02 1.435300599706e+02 -4.080631068895e-03
2.809972426368e+02 -1.073307448068e+01 -6.194701450680e-03
-2.005331984922e+02 -2.009997537431e+02 -6.332264964428e-03
2.463107895535e+02 -1.604474733088e+02 -6.780312878291e-03
-2.416478773045e+02 -1.981340573272e+02 -7.666400096568e-03
-2.142220698591e+02 -1.677420120329e+02 -5.811170599699e-03
-2.710649486440e+02 -7.647206517201e+01 -6.216661390742e-03
-4.013026700703e+01 -2.734287090173e+02 -6.014501320820e-03
2.251013107206e+02 6.303365565469e+01 -4.282432549360e-03
1.691005148663e+02 -2.215450855892e+02 -6.105820837007e-03
2.360188792684e+02 1.957262192163e+02 -7.381079931335e-03
9.218333488174e+01 2.745628126897e+02 -6.602991777598e-03
-2.788394561526e+02 -3.915453278615e+01 -6.211737081877e-03
3.053210499880e+02 -6.804534008893e+01 -7.667536328093e-03
-1.803790957465e+02 1.896153680893e+02 -5.380624224074e-03
2.605556273823e+01 3.117877348069e+02 -7.709543345982e-03
-1.318079943869e+02 2.404280794398e+02 -5.913778134797e-03
-2.157535809321e+02 -1.301063337809e+02 -4.979879808822e-03
2.357430639887e+02 -2.009261257465e+02 -7.533327480104e-03
-2.070637371770e+01 -2.304734063134e+02 -4.217154410995e-03
1.695871318611e+02 -2.569082763128e+02 -7.451314089522e-03
2.956907725350e+02 3.167779962798e+01 -6.928479708492e-03
2.193421648414e+02 -1.312132955024e+02 -5.124979100614e-03
1.729036721934e+02 2.037758074179e+02 -5.612477824357e-03
2.500518672641e+02 9.785662937817e+00 -4.905781271915e-03
-4.045991540177e+00 2.282229579654e+02 -4.103537743475e-03
2.025181929343e+02 2.228397421145e+02 -7.123993912899e-03
2.057272756169e+02 1.085631253080e+02 -4.243868529024e-03
-3.095481239431e+02 2.342724240640e+01 -7.549707076175e-03
-3.197943571754e+02 -8.640981975969e+01 -8.599712764166e-03
4.164789954096e+02 -6.295722276377e+01 -1.390050446462e-02
-3.832452556086e+02 -1.191454623877e+02 -1.262428529927e-02
6.430923808117e+01 3.924970576232e+02 -1.245724636183e-02
8.688033825047e+01 -3.672739097652e+02 -1.121523667652e-02
-1.681644330910e+02 -3.461239626617e+02 -1.165094000484e-02
-4.087555066652e+01 -3.544894783354e+02 -1.002806454969e-02
3.888510934701e+02 -1.431029801325e+02 -1.345818785259e-02
-3.428243754036e+02 -1.869300074397e+02 -1.195919645718e-02
-4.198151514907e+01 4.161630756241e+02 -1.377861487356e-02
-2.563586807153e+02 2.225606535587e+02 -9.049676848932e-03
3.193136943577e+02 -2.249905728726e+02 -1.197445839507e-02
2.088911554041e+02 -3.308429223734e+02 -1.203919152425e-02
4.139864121692e+02 1.487818584724e+01 -1.344360474753e-02
8.982796031523e+01 3.664288175565e+02 -1.120720574357e-02
1.474191328571e+02 -2.908252331269e+02 -8.363956175131e-03
-3.345616024260e+02 1.102079750561e+02 -9.725235388807e-03
3.308969720452e+02 -1.328589028127e+02 -9.967826638793e-03
-3.466209940028e+02 1.487275306179e+02 -1.115432613539e-02
1.735029500924e+02 -3.143430370095e+02 -1.014064277901e-02
1.364044474500e+02 -3.369005194403e+02 -1.039698778598e-02
1.084508613171e+01 -4.200281039170e+02 -1.390430191879e-02
2.681785847615e+02 -2.430798297197e+02 -1.028788741120e-02
-1.730648464261e+02 3.582863139988e+02 -1.245669765902e-02
-3.099699917842e+02 2.006508206901e+02 -1.069788667938e-02
-1.010456491868e+02 -3.624774477056e+02 -1.114810304549e-02
-3.230268774219e+02 -1.716717292717e+01 -8.197634512309e-03
2.495222417039e+00 3.729619471999e+02 -1.095602851308e-02
3.237266159460e+02 1.341622721248e+02 -9.627518508601e-03
3.289636694535e+02 6.431777282093e+01 -8.803467382311e-03
-3.049384309465e+02 1.418645001184e+02 -8.869657843903e-03
2.301167378626e+02 3.495410100668e+02 -1.377114872952e-02
-2.115945852267e+02 -3.550241377708e+02 -1.343448380311e-02
-2.552161564738e+02 -2.348603574035e+02 -9.446999366403e-03
-3.279198083916e+02 6.168295790156e+01 -8.723605347935e-03
3.427574832735e+02 -8.778102813709e+01 -9.810394769623e-03
3.766482256124e+02 2.151671102561e+00 -1.111389045992e-02
3.574366915390e+02 1.468037279750e+02 -1.170608885412e-02
4.029039528764e+02 6.439983768171e+01 -1.304359488934e-02
4.237664398472e+01 -3.336611456313e+02 -8.908988808741e-03
-2.954152475136e+02 -2.725878003021e+02 -1.268886470017e-02
-7.329604305193e+01 3.948980600922e+02 -1.270302158667e-02
-2.146573349191e+02 -2.927197834187e+02 -1.035822585870e-02
2.081364905438e+02 3.216173938611e+02 -1.154045997563e-02
2.599184234549e+02 2.644399343691e+02 -1.079997205461e-02
9.364025174850e+00 -3.207959953259e+02 -8.112046993034e-03
3.782469165873e+02 -5.734949976186e+01 -1.146710440749e-02
-3.367520035715e+02 2.376188007829e+02 -1.333081940803e-02
2.499908023508e+02 -6.190132776108e+01 -5.197639220050e-03
-1.035303963489e+02 -4.099334604882e+02 -1.407490870415e-02
-7.340123622716e+01 -3.203164377642e+02 -8.503032190447e-03
-4.086875672973e+02 3.281950186595e+00 -1.308552110343e-02
8.406692494347e+01 -4.032841582640e+02 -1.336298510711e-02
-3.548384017858e+02 1.509937281381e+01 -9.881687394928e-03
9.213916637324e+01 -3.287396385763e+02 -9.176622578849e-03
1.503004252549e+02 4.195095400043e+02 -1.563050677731e-02
1.090447270137e+02 4.337744470505e+02 -1.575098301325e-02
1.555984115402e+02 3.665356548237e+02 -1.247791527169e-02
1.206651231382e+02 3.464046545928e+02 -1.059149938470e-02
1.214906886260e+02 3.935603236093e+02 -1.335537388908e-02
1.855314579702e+02 3.892516129939e+02 -1.463002603370e-02
-4.335667058969e+02 -7.732201116008e+01 -1.519711242034e-02
-3.630766458183e+02 -7.928317640052e+01 -1.082212718389e-02
-4.217486483355e+02 -3.187667214476e+01 -1.401440341345e-02
-4.389628724069e+02 -1.253920095231e+02 -1.633343690893e-02
-4.664301407618e+02 -9.768171842250e+01 -1.779478168950e-02
-3.911600829877e+02 -5.460425010553e+01 -1.222123786669e-02
3.183762957520e+02 -3.430011668745e+02 -1.720682078982e-02
2.824018085399e+02 -3.249497497330e+02 -1.456405097463e-02
2.864487221673e+02 -2.765121582237e+02 -1.244985896895e-02
2.503828439192e+02 -3.436511436720e+02 -1.421244002404e-02
3.104745268763e+02 -3.032755539819e+02 -1.479549545115e-02
2.414668727542e+02 -3.064484883642e+02 -1.196406018919e-02
1.550671292801e+03 2.915124341115e+03 0.000000000000e+00
1.348213781182e+03 3.181068567033e+03 0.000000000000e+00
1.112733904119e+03 3.439647910939e+03 0.000000000000e+00
8.435116603028e+02 3.687514056259e+03 0.000000000000e+00
5.401044895449e+02 3.921110799867e+03 0.000000000000e+00
2.023781289999e+02 4.136690768926e+03 0.000000000000e+00
-1.694627622544e+02 4.330335682555e+03 0.000000000000e+00
-5.748445460650e+02 4.497980287017e+03 0.000000000000e+00
-1.012795477296e+03 4.635440067685e+03 0.000000000000e+00
-1.481917891794e+03 4.738442812121e+03 0.000000000000e+00
-1.980362120045e+03 4.802664066247e+03 0.000000000000e+00
-2.505802557547e+03 4.823766489611e+03 0.000000000000e+00
-3.665449326879e+03 -2.311926898385e+03 0.000000000000e+00
-3.607942921246e+03 -2.746820123628e+03 0.000000000000e+00
-3.508011117687e+03 -3.194826646019e+03 0.000000000000e+00
-3.362652903780e+03 -3.652599946677e+03 0.000000000000e+00
-3.169048027190e+03 -4.116375937775e+03 0.000000000000e+00
-2.924603043153e+03 -4.581971916509e+03 0.000000000000e+00
3.834912089134e+03 -2.018408784169e+03 0.000000000000e+00
4.182787467311e+03 -1.751160163390e+03 0.000000000000e+00
4.520806594983e+03 -1.440613421666e+03 0.000000000000e+00
4.844570795574e+03 -1.085842865444e+03 0.000000000000e+00
5.149410147235e+03 -6.862881284723e+02 0.000000000000e+00
5.430405600700e+03 -2.417945731014e+02 0.000000000000e+00
2.139572521222e+03 1.323405624058e+03 0.000000000000e+00
2.108405138442e+03 1.576154447393e+03 0.000000000000e+00
2.052676566400e+03 1.836731646344e+03 0.000000000000e+00
1.970627669088e+03 2.103209849375e+03 0.000000000000e+00
1.860602114995e+03 2.373418365092e+03 0.000000000000e+00
1.721073102386e+03 2.644942340475e+03 0.000000000000e+00
7.631662933437e+01 -2.514626968647e+03 0.000000000000e+00
3.107872225097e+02 -2.614009635057e+03 0.000000000000e+00
5.643179824689e+02 -2.696035875428e+03 0.000000000000e+00
8.361193245046e+02 -2.758218547518e+03 0.000000000000e+00
1.125139540481e+03 -2.798037880467e+03 0.000000000000e+00
1.430050707203e+03 -2.812964198674e+03 0.000000000000e+00
1.749236088195e+03 -2.800482903043e+03 0.000000000000e+00
2.080779299640e+03 -2.758121667752e+03 0.000000000000e+00
2.422455518888e+03 -2.683479784088e+03 0.000000000000e+00
2.771725019381e+03 -2.574259554340e+03 0.000000000000e+00
3.125729318966e+03 -2.428299608578e+03 0.000000000000e+00
3.481290228990e+03 -2.243609985347e+03 0.000000000000e+00
-3.299907380996e+03 -1.146414380722e+02 0.000000000000e+00
-3.428993080822e+03 -4.229468992810e+02 0.000000000000e+00
-3.535189423006e+03 -7.561681268504e+02 0.000000000000e+00
-3.615236679684e+03 -1.113254501919e+03 0.000000000000e+00
-3.665833808511e+03 -1.492811191290e+03 0.000000000000e+00
-3.683668357990e+03 -1.893080783579e+03 0.000000000000e+00
6.130623033764e+03 1.603979537766e+03 -3.146980382966e+00
6.167543159610e+03 1.634859394323e+03 -3.190427591483e+00
6.127614327138e+03 1.652686703521e+03 -3.156584307302e+00
6.199079258921e+03 1.674772031069e+03 -3.231383519252e+00
6.167102844248e+03 1.690080384185e+03 -3.204463022915e+00
6.120762517034e+03 1.690245871297e+03 -3.159898750654e+00
-4.484846451383e+03 4.455083267520e+03 -3.138918502048e+00
-4.458225978319e+03 4.484749454429e+03 -3.141156341842e+00
-4.537226072474e+03 4.490598150777e+03 -3.200962104867e+00
-4.495672553872e+03 4.501793854134e+03 -3.179486736262e+00
-4.472027632098e+03 4.537821150520e+03 -3.188525612045e+00
-4.526414766530e+03 4.541177849398e+03 -3.229265199160e+00
-1.646086906455e+03 -6.206545201956e+03 -3.246182931844e+00
-1.694129553647e+03 -6.188813334978e+03 -3.241443469026e+00
-1.647215429219e+03 -6.162502824404e+03 -3.203568873379e+00
-1.703087190624e+03 -6.149303802013e+03 -3.205434245041e+00
-1.602836021830e+03 -6.126492132083e+03 -3.157415724045e+00
-1.680457315886e+03 -6.117118446703e+03 -3.168341688770e+00
-2.215889150557e+03 1.191221344589e+03 0.000000000000e+00
-2.419192360951e+03 1.037855187663e+03 0.000000000000e+00
-2.616994548869e+03 8.593042290834e+02 0.000000000000e+00
-2.806746993593e+03 6.550086981430e+02 0.000000000000e+00
-2.985741655475e+03 4.246195153747e+02 0.000000000000e+00
-3.151123809589e+03 1.680218581990e+02 0.000000000000e+00
-9.150143461984e+02 -1.684333956412e+03 0.000000000000e+00
-7.988421690360e+02 -1.839746043408e+03 0.000000000000e+00
-6.634629654816e+02 -1.991051009822e+03 0.000000000000e+00
-5.084417193968e+02 -2.136308822179e+03 0.000000000000e+00
-3.335034105914e+02 -2.273457355514e+03 0.000000000000e+00
-1.385510120368e+02 -2.400321940355e+03 0.000000000000e+00
-1.250308772450e+03 -5.586351609356e+02 0.000000000000e+00
-1.250527446361e+03 -7.283433707761e+02 0.000000000000e+00
-1.231566470223e+03 -9.066803678774e+02 0.000000000000e+00
-1.191477702381e+03 -1.091914774515e+03 0.000000000000e+00
-1.128410017624e+03 -1.282007136235e+03 0.000000000000e+00
-1.040649063394e+03 -1.474605273326e+03 0.000000000000e+00
1.413621454075e+02 1.362116739984e+03 0.000000000000e+00
-5.500138589490e+00 1.447160222066e+03 0.000000000000e+00
-1.694249965828e+02 1.519908033601e+03 0.000000000000e+00
-3.498870823073e+02 1.577807345562e+03 0.000000000000e+00
-5.460457390009e+02 1.618235309265e+03 0.000000000000e+00
-7.567210955575e+02 1.638531161987e+03 0.000000000000e+00
1.916183167809e+03 4.974130957090e+01 0.000000000000e+00
1.992687894621e+03 2.280554097045e+02 0.000000000000e+00
2.056032237478e+03 4.209497223340e+02 0.000000000000e+00
2.104318570034e+03 6.278309657478e+02 0.000000000000e+00
2.135623529591e+03 8.479062519361e+02 0.000000000000e+00
2.148015283627e+03 1.080172274033e+03 0.000000000000e+00
-1.001168821610e+03 1.634592646841e+03 0.000000000000e+00
-1.193845725585e+03 1.611690633703e+03 0.000000000000e+00
-1.392569271996e+03 1.570101287488e+03 0.000000000000e+00
-1.595876850637e+03 1.508477856431e+03 0.000000000000e+00
-1.802120119000e+03 1.425551103578e+03 0.000000000000e+00
-2.009464271590e+03 1.320149666321e+03 0.000000000000e+00
2.910567562479e+02 -9.391883678437e+02 0.000000000000e+00
4.120172346031e+02 -9.538914808881e+02 0.000000000000e+00
5.407729440640e+02 -9.556617238856e+02 0.000000000000e+00
6.762566370811e+02 -9.429619207031e+02 0.000000000000e+00
8.171731325022e+02 -9.142976468916e+02 0.000000000000e+00
9.619925939295e+02 -8.682451720695e+02 0.000000000000e+00
6.678326073675e+02 7.216567287756e+02 0.000000000000e+00
6.200856376011e+02 8.337631324073e+02 0.000000000000e+00
5.572408582774e+02 9.461539691815e+02 0.000000000000e+00
4.785006595897e+02 1.057136387542e+03 0.000000000000e+00
3.832184225774e+02 1.164841515483e+03 0.000000000000e+00
2.709260787606e+02 1.267232610630e+03 0.000000000000e+00
1.108946627042e+03 -8.034815790483e+02 0.000000000000e+00
1.256027584951e+03 -7.188168512904e+02 0.000000000000e+00
1.400991466806e+03 -6.132276657238e+02 0.000000000000e+00
1.541364784688e+03 -4.858925710470e+02 0.000000000000e+00
1.674455756625e+03 -3.362281730294e+02 0.000000000000e+00
1.797370158952e+03 -1.639258886611e+02 0.000000000000e+00
-9.588893636154e+02 2.175316390681e+02 0.000000000000e+00
-1.032102872204e+03 1.201283484808e+02 0.000000000000e+00
-1.098013802341e+03 9.507754704129e+00 0.000000000000e+00
-1.154757296671e+03 -1.141744668385e+02 0.000000000000e+00
-1.200391555080e+03 -2.505438685912e+02 0.000000000000e+00
-1.232918672690e+03 -3.989874385607e+02 0.000000000000e+00
