1 116.7647919 -26.82724567 0
1 116.7634041 -26.82371218 0
1 116.7677453 -26.82378848 0
1 116.7627492 -26.82648895 0
1 116.7655317 -26.82884939 0
1 116.7655777 -26.82642306 0
1 116.7630325 -26.82825449 0
1 116.7644657 -26.82150656 0
1 116.7654246 -26.82521816 0
1 116.7631843 -26.82300966 0
1 116.7686522 -26.82434082 0
1 116.7656492 -26.82773035 0
1 116.7622884 -26.82207952 0
1 116.7654092 -26.82452348 0
1 116.7669999 -26.82352618 0
1 116.7659901 -26.82218707 0
1 116.7667107 -26.82539753 0
1 116.7622267 -26.82636981 0
1 116.7654116 -26.82067111 0
1 116.7613854 -26.82590759 0
1 116.7622283 -26.82819027 0
1 116.7615208 -26.82705874 0
1 116.768252 -26.82354251 0
1 116.7662793 -26.8247536 0
1 116.7641901 -26.82585779 0
1 116.7606523 -26.82728325 0
1 116.7656888 -26.82497619 0
1 116.7642041 -26.82679613 0
1 116.7674776 -26.82336699 0
1 116.7639767 -26.82267419 0
1 116.7687241 -26.82511448 0
1 116.7680869 -26.82480926 0
1 116.7671402 -26.82666521 0
1 116.7653524 -26.82297586 0
1 116.7659795 -26.82267452 0
1 116.7612277 -26.82276629 0
1 116.7646938 -26.82666001 0
1 116.7622801 -26.82156352 0
1 116.7625968 -26.82112475 0
1 116.7599294 -26.82367223 0
1 116.7665518 -26.82662573 0
1 116.7637164 -26.82467441 0
1 116.7682982 -26.82597064 0
1 116.7643435 -26.82337815 0
1 116.7682658 -26.82699028 0
1 116.7637982 -26.82083744 0
1 116.7664184 -26.82080558 0
1 116.7637384 -26.8251185 0
1 116.7669845 -26.82459937 0
1 116.7648464 -26.82240149 0
1 116.7598496 -26.82564589 0
1 116.7672467 -26.82581737 0
1 116.7615081 -26.82504208 0
1 116.7617844 -26.82263228 0
1 116.7636937 -26.82306327 0
1 116.7647276 -26.82783424 0
1 116.7661754 -26.82847761 0
1 116.763177 -26.82065408 0
1 116.7615959 -26.82355239 0
1 116.7608438 -26.82370133 0
1 116.7676199 -26.82533865 0
1 116.7638613 -26.82418518 0
1 116.763006 -26.82765859 0
1 116.7663505 -26.82725932 0
1 116.7668802 -26.82393614 0
1 116.7670297 -26.82268002 0
1 116.7625503 -26.82588506 0
1 116.7674059 -26.82739545 0
1 116.7604521 -26.82659153 0
1 116.7625087 -26.8245379 0
1 116.7622939 -26.82416716 0
1 116.7653163 -26.82138066 0
1 116.7622066 -26.82517063 0
1 116.7654542 -26.82413525 0
1 116.7680209 -26.82259198 0
1 116.7654276 -26.82581729 0
1 116.768841 -26.82309854 0
1 116.7674632 -26.82175943 0
1 116.7675766 -26.82799646 0
1 116.7600971 -26.82436696 0
1 116.762799 -26.82411728 0
1 116.7603536 -26.82320205 0
1 116.764935 -26.82399401 0
1 116.7666725 -26.82780052 0
1 116.7666777 -26.82169021 0
1 116.762488 -26.82309702 0
1 116.7664317 -26.82295951 0
1 116.7637906 -26.8255965 0
1 116.7614537 -26.82141613 0
1 116.7613903 -26.8276648 0
1 116.7649813 -26.82462007 0
1 116.7600544 -26.82500957 0
1 116.7622216 -26.82358175 0
1 116.7660816 -26.82538224 0
1 116.7636506 -26.82200504 0
1 116.7664361 -26.82586275 0
1 116.7628329 -26.82486912 0
1 116.7657042 -26.82363168 0
1 116.7606361 -26.82262577 0
1 116.7639232 -26.82614283 0
1 116.7669223 -26.82713934 0
1 116.7641705 -26.82211772 0
1 116.765684 -26.82321384 0
1 116.7645426 -26.82305998 0
1 116.7633972 -26.82531884 0
1 116.7630389 -26.8259795 0
1 116.7644232 -26.82834224 0
1 116.7620097 -26.82467036 0
1 116.7643258 -26.82384203 0
1 116.7617632 -26.82621684 0
1 116.760656 -26.82548773 0
1 116.7612753 -26.82456754 0
1 116.7649639 -26.82625198 0
1 116.7637982 -26.82774205 0
1 116.7692533 -26.82456272 0
1 116.7610008 -26.82631964 0
1 116.7626501 -26.8271146 0
1 116.7643101 -26.8246259 0
1 116.7669119 -26.82618257 0
1 116.7680649 -26.82427692 0
1 116.7650197 -26.82841839 0
1 116.7631902 -26.82672382 0
1 116.7673646 -26.82481694 0
1 116.7652593 -26.82362971 0
1 116.76523 -26.82666332 0
1 116.7660402 -26.82410279 0
1 116.7636195 -26.82864289 0
1 116.7677985 -26.82665982 0
1 116.7656893 -26.82692068 0
1 116.7612946 -26.82393555 0
1 116.7658616 -26.82102876 0
1 116.7640998 -26.82308792 0
1 116.7644882 -26.8252518 0
1 116.7658941 -26.82582454 0
1 116.765518 -26.82246863 0
1 116.7636611 -26.82146743 0
1 116.7688017 -26.82379945 0
1 116.7644288 -26.82066748 0
1 116.7651883 -26.82191757 0
1 116.766324 -26.82345345 0
1 116.7674247 -26.82415328 0
1 116.7658846 -26.82465481 0
1 116.764411 -26.82904544 0
1 116.7669786 -26.82831344 0
1 116.7677342 -26.825938 0
1 116.7631103 -26.82437665 0
1 116.7689556 -26.82605445 0
1 116.7642786 -26.82746145 0
1 116.7620917 -26.82731194 0
1 116.7668966 -26.825004 0
1 116.7616818 -26.82212563 0
1 116.7609458 -26.82496402 0
1 116.7685514 -26.82649619 0
1 116.7627698 -26.82263068 0
1 116.7682717 -26.82545701 0
1 116.7635512 -26.826041 0
1 116.7648208 -26.8251168 0
1 116.7634401 -26.82246505 0
1 116.7609706 -26.82211691 0
1 116.7647365 -26.82427218 0
1 116.7649508 -26.82314264 0
1 116.7659716 -26.8262948 0
1 116.7625771 -26.82544222 0
1 116.7641622 -26.82549758 0
1 116.7636157 -26.82719998 0
1 116.7648223 -26.82361861 0
1 116.762843 -26.82352945 0
1 116.7646866 -26.82199523 0
1 116.7629437 -26.82196473 0
1 116.7618425 -26.82564235 0
1 116.7644632 -26.82632838 0
1 116.7630393 -26.82558173 0
1 116.7637582 -26.82662366 0
1 116.7646546 -26.82574588 0
1 116.7658989 -26.82156363 0
1 116.7608957 -26.82425135 0
1 116.763351 -26.82490246 0
1 116.7669603 -26.82111215 0
1 116.7664909 -26.82228303 0
1 116.7643588 -26.82419039 0
1 116.7618333 -26.8241751 0
1 116.7651157 -26.82549378 0
1 116.7649329 -26.82100953 0
1 116.7664216 -26.82512217 0
1 116.7653187 -26.82737401 0
1 116.7666494 -26.82434733 0
1 116.7641289 -26.82513371 0
1 116.7668674 -26.82310388 0
1 116.7630279 -26.82146445 0
1 116.7603587 -26.826061 0
1 116.7638632 -26.82376848 0
1 116.7617948 -26.82314136 0
1 116.7680775 -26.82191521 0
1 116.7638489 -26.82342834 0
1 116.7644794 -26.82262793 0
1 116.7630515 -26.82886189 0
1 116.7619445 -26.82673961 0
1 116.7632509 -26.82632767 0
1 116.7615846 -26.82819547 0
1 116.7633705 -26.82406581 0
1 116.7671667 -26.82222015 0
1 116.765613 -26.82829732 0
1 116.7622871 -26.82271044 0
1 116.7645584 -26.82489711 0
1 116.7679676 -26.82310316 0
1 116.7663612 -26.8238532 0
1 116.7612123 -26.82543262 0
1 116.7611655 -26.82325676 0
1 116.7680408 -26.8275445 0
1 116.7650308 -26.82584354 0
1 116.7625403 -26.82383331 0
1 116.7660923 -26.82673347 0
1 116.7630001 -26.82523382 0
1 116.7649928 -26.82278 0
1 116.7691648 -26.82551416 0
1 116.765193 -26.82495348 0
1 116.7651119 -26.82430269 0
1 116.7619938 -26.82105068 0
1 116.7631397 -26.82717722 0
1 116.7635231 -26.82437596 0
1 116.7632861 -26.82338014 0
1 116.7656534 -26.82548542 0
1 116.7634283 -26.82570656 0
1 116.7610106 -26.82683476 0
1 116.7719928 -26.82472188 0
1 116.7716575 -26.82272673 0
1 116.7706817 -26.82090888 0
1 116.769152 -26.81942986 0
1 116.7672044 -26.81842105 0
1 116.765012 -26.8179721 0
1 116.7627695 -26.81812287 0
1 116.7606761 -26.81885998 0
1 116.7589178 -26.82011795 0
1 116.7576509 -26.821785 0
1 116.7569879 -26.82371303 0
1 116.7569878 -26.82573074 0
1 116.7576505 -26.82765883 0
1 116.7589174 -26.829326 0
1 116.7606757 -26.83058407 0
1 116.7627693 -26.83132126 0
1 116.765012 -26.83147205 0
1 116.7672047 -26.83102305 0
1 116.7691524 -26.83001414 0
1 116.7706821 -26.828535 0
1 116.7716578 -26.82671707 0
1 116.7765196 -26.82472157 0
1 116.776194 -26.82222396 0
1 116.7752352 -26.81986106 0
1 116.7736949 -26.81776022 0
1 116.7716562 -26.8160347 0
1 116.769229 -26.81477748 0
1 116.7665442 -26.81405634 0
1 116.7637464 -26.81391014 0
1 116.7609864 -26.81434676 0
1 116.758413 -26.81534267 0
1 116.7561649 -26.8168442 0
1 116.7543632 -26.8187704 0
1 116.7531051 -26.82101746 0
1 116.7524585 -26.82346426 0
1 116.7524583 -26.82597889 0
1 116.7531044 -26.82842579 0
1 116.7543621 -26.83067304 0
1 116.7561637 -26.83259947 0
1 116.758412 -26.83410122 0
1 116.7609858 -26.8350973 0
1 116.7637462 -26.835534 0
1 116.7665446 -26.83538777 0
1 116.7692299 -26.8346665 0
1 116.7716573 -26.83340909 0
1 116.773696 -26.83168332 0
1 116.7752361 -26.82958227 0
1 116.7761945 -26.82721922 0
1 116.7815494 -26.82472105 0
1 116.780789 -26.82019875 0
1 116.7785768 -26.81607843 0
1 116.7751095 -26.81272614 0
1 116.7706952 -26.81043967 0
1 116.765726 -26.80942211 0
1 116.7606433 -26.80976384 0
1 116.7558986 -26.81143451 0
1 116.7519133 -26.81428573 0
1 116.7490415 -26.81806422 0
1 116.7475384 -26.82243434 0
1 116.7475377 -26.8270078 0
1 116.7490397 -26.83137825 0
1 116.751911 -26.83515731 0
1 116.7558966 -26.83800911 0
1 116.7606423 -26.83968019 0
1 116.7657263 -26.84002201 0
1 116.7706967 -26.83900419 0
1 116.7751117 -26.83671719 0
1 116.7785789 -26.83336431 0
1 116.7807903 -26.82924352 0
1 116.8347371 -26.86176268 0
1 116.834348 -26.86159647 0
1 116.8353121 -26.8615534 0
1 116.8347631 -26.86125593 0
1 116.8344672 -26.86094903 0
1 116.8351963 -26.86090599 0
1 116.8641579 -26.85878643 0
1 116.8636119 -26.85870578 0
1 116.8638423 -26.85834261 0
1 116.8646105 -26.85829028 0
1 116.8636348 -26.85805447 0
1 116.8643041 -26.85797243 0
1 116.8672039 -26.90680861 0
1 116.8667745 -26.90652953 0
1 116.8662078 -26.90646679 0
1 116.8671252 -26.90629902 0
1 116.8667427 -26.90614098 0
1 116.8663364 -26.90612716 0
1 116.9401077 -26.83064117 0
1 116.9392886 -26.8306141 0
1 116.9397308 -26.83051693 0
1 116.9393104 -26.8302564 0
1 116.939966 -26.83021914 0
1 116.9396636 -26.83002688 0
1 116.9922323 -26.79902736 0
1 116.9916868 -26.79866777 0
1 116.9920482 -26.7986387 0
1 116.9926364 -26.79850684 0
1 116.9919191 -26.7982143 0
1 116.9925288 -26.79820227 0
1 117.0158578 -26.69732178 0
1 117.0155882 -26.69708802 0
1 117.0162532 -26.6969127 0
1 117.0156053 -26.69673156 0
1 117.0159925 -26.69667824 0
1 117.0151704 -26.69667332 0
1 117.1008345 -26.69055242 0
1 117.1003946 -26.69039417 0
1 117.1014443 -26.69031374 0
1 117.1006012 -26.69008062 0
1 117.1009888 -26.68998431 0
1 117.1006102 -26.68974898 0
1 116.6934694 -26.86364934 0
1 116.6936477 -26.86332065 0
1 116.6940413 -26.86328963 0
1 116.6933202 -26.86314137 0
1 116.6937032 -26.86286849 0
1 116.6932109 -26.86280413 0
1 116.6668404 -26.89933818 0
1 116.6672183 -26.89931558 0
1 116.6674161 -26.89901239 0
1 116.6662459 -26.898997 0
1 116.6667466 -26.89886667 0
1 116.6667282 -26.89853735 0
1 116.621806 -26.86551456 0
1 116.6212838 -26.86537586 0
1 116.6209025 -26.86524562 0
1 116.6215548 -26.86514601 0
1 116.6213153 -26.86482914 0
1 116.6217019 -26.86470905 0
1 116.654655 -26.94980057 0
1 116.6543054 -26.94974299 0
1 116.6546702 -26.94945108 0
1 116.6541229 -26.94929703 0
1 116.6550111 -26.94917824 0
1 116.6544358 -26.94914686 0
1 116.6724452 -27.01275912 0
1 116.6721744 -27.01249221 0
1 116.6726362 -27.01237268 0
1 116.6730036 -27.01226612 0
1 116.6721143 -27.0121388 0
1 116.6726135 -27.01183478 0
1 116.7350929 -27.06405311 0
1 116.7346518 -27.06377415 0
1 116.7350833 -27.06373507 0
1 116.7355045 -27.06359356 0
1 116.7345239 -27.06347916 0
1 116.7350733 -27.06318397 0
1 116.7249633 -27.1277494 0
1 116.7244782 -27.12761601 0
1 116.7253556 -27.12752824 0
1 116.7248094 -27.12736266 0
1 116.724343 -27.12729809 0
1 116.7250603 -27.12713916 0
1 116.7629117 -26.75105887 0
1 116.7625575 -26.75091736 0
1 116.7622003 -26.75086263 0
1 116.7629698 -26.75068532 0
1 116.7626113 -26.75056634 0
1 116.7623293 -26.75031407 0
1 116.8051832 -26.72196935 0
1 116.8048251 -26.72182177 0
1 116.8052279 -26.72161185 0
1 116.804888 -26.7214978 0
1 116.8056074 -26.72145048 0
1 116.8051393 -26.72108151 0
1 116.7246454 -26.71301006 0
1 116.7254414 -26.71294578 0
1 116.724987 -26.71276973 0
1 116.7253591 -26.71246973 0
1 116.7244721 -26.71244054 0
1 116.7250108 -26.71240138 0
1 116.6800133 -26.6850214 0
1 116.6804197 -26.68492388 0
1 116.6797939 -26.68475241 0
1 116.680207 -26.68455841 0
1 116.6798233 -26.68435021 0
1 116.6802391 -26.68422317 0
1 116.6251826 -26.66182193 0
1 116.6254959 -26.66167061 0
1 116.6252036 -26.66138424 0
1 116.6248264 -26.6613602 0
1 116.6254433 -26.66107185 0
1 116.6248821 -26.66097463 0
1 116.5451234 -26.70516586 0
1 116.5456468 -26.70502263 0
1 116.5447981 -26.70481611 0
1 116.5452092 -26.7047463 0
1 116.5455271 -26.70460081 0
1 116.5448237 -26.70440536 0
1 116.4524469 -26.60137167 0
1 116.4531217 -26.60115099 0
1 116.4525556 -26.60097515 0
1 116.4530242 -26.60081122 0
1 116.4521976 -26.60076065 0
1 116.4525843 -26.60061336 0
1 116.7547471 -26.80994751 0
1 116.7530691 -26.8100917 0
1 116.7513413 -26.81036159 0
1 116.749573 -26.81076544 0
1 116.7477747 -26.81131116 0
1 116.7459578 -26.81200618 0
1 116.744135 -26.81285742 0
1 116.74232 -26.81387112 0
1 116.7405275 -26.81505279 0
1 116.7387733 -26.81640708 0
1 116.7370743 -26.81793769 0
1 116.7354481 -26.81964725 0
1 116.7339135 -26.8215372 0
1 116.7324899 -26.82360772 0
1 116.7311975 -26.82585759 0
1 116.7300573 -26.82828408 0
1 116.7290907 -26.83088288 0
1 116.7283195 -26.83364798 0
1 116.7277658 -26.83657157 0
1 116.7274519 -26.83964397 0
1 116.7273999 -26.84285355 0
1 116.7276321 -26.84618663 0
1 116.7281698 -26.84962746 0
1 116.7290343 -26.85315815 0
1 116.7302457 -26.85675862 0
1 116.7318233 -26.86040662 0
1 116.7337849 -26.86407765 0
1 116.736147 -26.86774503 0
1 116.7389243 -26.87137993 0
1 116.7421293 -26.87495134 0
1 116.7457725 -26.87842624 0
1 116.7553471 -26.84006002 0
1 116.7563739 -26.84128505 0
1 116.7575482 -26.84248216 0
1 116.758873 -26.84363975 0
1 116.7603504 -26.84474555 0
1 116.7619815 -26.84578668 0
1 116.7637663 -26.84674971 0
1 116.7657035 -26.8476207 0
1 116.7677907 -26.84838528 0
1 116.7700239 -26.84902873 0
1 116.7723978 -26.84953606 0
1 116.7749056 -26.84989209 0
1 116.7775386 -26.85008159 0
1 116.7802868 -26.85008934 0
1 116.7831383 -26.8499003 0
1 116.7860793 -26.84949973 0
1 116.7890944 -26.84887331 0
1 116.7921661 -26.84800729 0
1 116.7952753 -26.84688866 0
1 116.7984007 -26.84550532 0
1 116.8015195 -26.84384621 0
1 116.8046067 -26.84190151 0
1 116.8076358 -26.83966284 0
1 116.8105783 -26.83712338 0
1 116.8134043 -26.83427812 0
1 116.8160821 -26.83112399 0
1 116.8185787 -26.8276601 0
1 116.8208597 -26.82388788 0
1 116.8228897 -26.81981128 0
1 116.8246321 -26.81543694 0
1 116.8260498 -26.81077438 0
1 116.784037 -26.82366331 0
1 116.7846736 -26.82221911 0
1 116.7852054 -26.82067536 0
1 116.7856194 -26.81903586 0
1 116.7859028 -26.81730548 0
1 116.7860427 -26.8154902 0
1 116.7860261 -26.81359713 0
1 116.7858403 -26.8116346 0
1 116.7854727 -26.80961216 0
1 116.7849113 -26.80754059 0
1 116.7841444 -26.80543197 0
1 116.7831611 -26.80329964 0
1 116.7819513 -26.80115823 0
1 116.7805057 -26.79902366 0
1 116.778816 -26.79691309 0
1 116.7768754 -26.79484492 0
1 116.7746782 -26.79283871 0
1 116.7722204 -26.79091518 0
1 116.7694997 -26.7890961 0
1 116.7665156 -26.78740422 0
1 116.7632695 -26.78586317 0
1 116.759765 -26.78449737 0
1 116.7560083 -26.78333187 0
1 116.7520076 -26.78239224 0
1 116.747774 -26.7817044 0
1 116.7433212 -26.78129445 0
1 116.7386657 -26.78118846 0
1 116.733827 -26.7814123 0
1 116.7288276 -26.78199143 0
1 116.7236931 -26.78295061 0
1 116.7184523 -26.78431371 0
0 116.7644482 -26.82472208 0
