1 34.16155855 -279.6157476 -0.006249254286
1 -103.7887979 111.8973014 -0.001830032472
1 327.7665907 103.4391319 -0.009258772936
1 -168.8938245 -195.7717298 -0.005253232009
1 107.7067639 -457.3095921 -0.01737999105
1 112.2828011 -188.4702002 -0.00378528553
1 -140.7252644 -391.3941222 -0.01361656136
1 1.73604065 356.2820468 -0.009997763048
1 97.06679755 -54.96598602 -0.0009760641415
1 -125.6462746 189.736695 -0.004072096226
1 417.9141063 42.23741903 -0.01382264599
1 119.3883306 -333.3188182 -0.009866941261
1 -214.7043417 292.7959346 -0.01036332013
1 95.53536123 22.00492562 -0.000753140712
1 253.6664609 132.5038316 -0.006423683501
1 153.2809687 280.8798758 -0.008054224877
1 224.9142021 -74.84236463 -0.004404067962
1 -220.8275881 -182.5721519 -0.006445472516
1 95.77244886 448.8502978 -0.01658602854
1 -304.4628377 -131.3595108 -0.008620895597
1 -220.6709513 -384.2799031 -0.01544532661
1 -290.9984892 -258.9069604 -0.01191327446
1 378.1296111 130.6912086 -0.01254634969
1 182.028539 -3.493328275 -0.002596687509
1 -25.65551926 -125.8375942 -0.001298732058
1 -377.3393178 -283.7855684 -0.01749720413
1 123.3274764 -28.15589162 -0.001253953669
1 -24.2671658 -229.8060205 -0.004205502386
1 301.1539764 150.1415143 -0.008880327595
1 -46.87544779 226.9079046 -0.0042272576
1 425.0603373 -43.48533308 -0.01430299596
1 361.7213232 -9.665128561 -0.01025745776
1 267.5986607 -215.3036192 -0.009260766473
1 89.88348941 193.4818569 -0.003581298086
1 152.2273605 226.8698682 -0.005869133733
1 -320.1450854 216.6985747 -0.01172765024
1 24.41052002 -214.7245842 -0.003678030139
1 -215.5353276 349.9688279 -0.0132856504
1 -184.0488525 398.5858346 -0.01516628952
1 -449.2141314 116.3164261 -0.0168739392
1 209.1135603 -210.9273552 -0.006929711379
1 -72.74957687 5.282001333 -0.0004168087725
1 382.7132544 -138.3473122 -0.01298178012
1 -10.40375465 148.9083915 -0.001754876153
1 379.4956797 -251.3242387 -0.01625696687
1 -64.61833028 430.4210881 -0.01491833381
1 195.8583041 433.9493629 -0.01783655817
1 -70.55651677 -43.92373636 -0.0005419409798
1 252.1252045 13.59434952 -0.004994361071
1 39.58877045 257.1232924 -0.00532977727
1 -457.1362038 -102.3675078 -0.01719617986
1 278.1961543 -121.3618333 -0.007222953929
1 -292.2715484 -35.45935803 -0.006790984812
1 -264.8096025 231.5482859 -0.009716155935
1 -75.00785163 183.7974834 -0.003101377147
1 27.77316436 -344.8295081 -0.009425547725
1 171.6915255 -416.1169154 -0.01594680178
1 -126.3727267 450.7368277 -0.01725221976
1 -283.542058 129.599423 -0.007621028947
1 -358.3128158 113.0953105 -0.01106521928
1 315.2962592 -68.32079076 -0.008155479414
1 -58.34309122 59.48843295 -0.0005453816201
1 -143.3602281 -325.3686242 -0.009947926487
1 189.1049963 -281.1295413 -0.009026156092
1 241.7613907 87.08004621 -0.005176052296
1 256.6233318 226.2587328 -0.009191031972
1 -188.6608287 -128.8601839 -0.004096127759
1 294.0089517 -296.2148229 -0.01368238795
1 -397.2411676 -207.1423646 -0.01574141171
1 -192.8053228 20.40556764 -0.002944973749
1 -214.1559901 61.48335682 -0.003890588232
1 86.30381344 370.231312 -0.01137920219
1 -222.8353387 -49.70184269 -0.004084543962
1 100.003066 65.02123653 -0.001116418689
1 355.1641256 236.0120388 -0.01426890206
1 97.36036435 -121.3499902 -0.001902383965
1 436.6885885 179.881953 -0.01748754501
1 299.7248154 328.2606096 -0.01552437846
1 310.9791875 -362.8078483 -0.01794315836
1 -432.536067 39.34032538 -0.0147782008
1 -163.9412158 67.01107508 -0.002459175363
1 -407.0446967 168.4139013 -0.01521356958
1 48.39499935 80.67012464 -0.0006960190774
1 221.1037016 -341.0957193 -0.01299317258
1 221.6373376 335.93135 -0.01273630759
1 -194.8581656 180.0564166 -0.005527939739
1 197.1810624 195.2921639 -0.00604968594
1 -65.36834148 -96.88607777 -0.001074055936
1 -297.689571 366.2981996 -0.01750991031
1 -303.9720884 -326.0589407 -0.01561178161
1 52.99907727 11.3031007 -0.0002301100236
1 -436.7809594 -31.86200828 -0.01502534956
1 -221.342478 126.3477165 -0.005095340611
1 162.3720489 -73.14773526 -0.002486803618
1 -79.28660267 301.0501844 -0.007630567281
1 197.6101935 -126.3890708 -0.004317258654
1 -160.5779755 -16.29281769 -0.002040909704
1 124.8615475 120.8168886 -0.002370977186
1 -378.9611745 232.2670828 -0.01549937051
1 -52.19077813 -157.4208419 -0.002165158647
1 245.9395631 -267.8363687 -0.01038839127
1 -27.60197072 288.5648354 -0.006617986387
1 122.8507544 167.1137022 -0.003381845713
1 9.380644544 184.1622073 -0.002678089097
1 -104.4760643 -66.12151104 -0.001199435941
1 -140.098187 -139.3235912 -0.003066416921
1 -2.484458225 -401.1166125 -0.01267250329
1 -242.4105227 5.727998884 -0.004606028103
1 -12.16626631 97.51029357 -0.0007604649386
1 -266.9126433 -165.6229085 -0.007741536643
1 -376.9776762 -84.84031884 -0.01169987771
1 -315.4099508 17.11961312 -0.007816550528
1 51.26617205 -169.5144832 -0.002469067815
1 -64.61129682 -334.6148024 -0.00914553945
1 477.6643701 17.64846491 -0.01789869158
1 -342.6998475 -177.0160486 -0.01166833426
1 -178.7446027 -265.0943495 -0.008037758588
1 -13.73030018 10.65659366 -2.371187708e-05
1 244.9086544 -161.825606 -0.006761337045
1 359.5280147 49.31855447 -0.01031774433
1 56.81282621 -409.5537681 -0.01346357208
1 -125.0485958 -221.795348 -0.005099448707
1 289.9150482 -10.51430944 -0.006593187006
1 80.62915416 121.0353567 -0.001663085702
1 77.71904362 -215.0909865 -0.004116942964
1 158.2636387 68.6171972 -0.002333022084
1 -82.37900401 -434.4291223 -0.0153958635
1 333.0441705 -214.7078264 -0.01232005876
1 123.3761916 -243.6067946 -0.005866400024
1 -313.5008971 87.14419891 -0.008297521779
1 140.5056891 409.2215949 -0.01473586522
1 -34.63186689 181.0655642 -0.002676077938
1 3.978064252 -58.69339088 -0.0002725599549
1 143.7328011 -122.1539154 -0.002793642248
1 106.3518718 249.6835742 -0.005796110288
1 -78.24747342 360.6179503 -0.01072198866
1 432.777015 102.2203326 -0.01549560292
1 -1.932618871 449.2531036 -0.01589625583
1 73.57590312 310.7413597 -0.008029145461
1 186.4735327 140.5635456 -0.004280189681
1 295.886793 63.02018485 -0.007171328214
1 142.7938929 7.452450392 -0.001601720349
1 -3.694749527 -479.03198 -0.01807420585
1 251.5315585 -397.9279802 -0.01742773311
1 326.6570401 -134.7288558 -0.009788822988
1 -132.9971943 38.27268148 -0.001501054259
1 448.0633729 -147.6351412 -0.01744412632
1 -16.85529143 -303.5249159 -0.007278188792
1 -234.2466542 -286.9609129 -0.01078419494
1 243.3952454 -31.23974984 -0.004717783503
1 -275.0141556 287.6861035 -0.01244344506
1 -348.1646729 -26.8122666 -0.009552808182
1 407.8877133 -196.5798271 -0.01607706684
1 -166.847572 231.7277426 -0.006410043869
1 380.0890159 -81.43602191 -0.01183982313
1 -89.16475304 -146.137926 -0.002304842279
1 37.03963912 -43.73524639 -0.0002581267774
1 -100.2154376 250.0798608 -0.005712405321
1 -345.7123227 288.6495085 -0.01592503807
1 28.6568039 49.84875051 -0.0002600439611
1 49.96115426 175.0026175 -0.002607635656
1 151.4388322 -174.2592488 -0.004188255151
1 -186.0016876 -79.79318612 -0.003211735874
1 -28.42780589 -85.92622613 -0.0006448170199
1 -82.75890952 -274.5535229 -0.006473432363
1 37.18407568 122.2649244 -0.001285673182
1 -159.5685648 132.1428695 -0.003369969775
1 23.69962059 302.1369031 -0.007233725207
1 -149.5670861 305.5150409 -0.009103872086
1 -259.026374 -101.9688524 -0.006075067878
1 1.493887365 -177.9794148 -0.002495023047
1 -140.0599993 -95.25066961 -0.002251330249
1 -68.58650549 -210.6970711 -0.003864920319
1 20.51460908 -113.4373854 -0.00104645379
1 144.2160933 349.9575794 -0.01127506265
1 -353.1531607 52.151956 -0.009984472868
1 -109.070395 -19.98625366 -0.0009634124543
1 249.732861 399.9802039 -0.01748607443
1 203.0674454 270.2468141 -0.008982523098
1 -8.886877243 58.91198648 -0.00027953227
1 -259.9396744 60.60302203 -0.005582545316
1 66.35844643 -85.50502262 -0.0009207842291
1 48.18390979 411.3537016 -0.01350897471
1 196.1705202 -44.33165363 -0.003169509047
1 86.53737568 -293.8360143 -0.007386749802
1 218.8189249 41.5209145 -0.003886804748
1 -31.74446374 -45.60849108 -0.0002427744938
1 240.4897691 179.2951238 -0.007062652669
1 -141.1912758 360.9467873 -0.01182272561
1 -406.5276056 -148.360303 -0.01468029173
1 -58.15395075 105.6592706 -0.001144199444
1 -263.7785874 175.142211 -0.007866724932
1 360.7887557 310.998084 -0.01781495294
1 -59.57518784 143.3472653 -0.001896433068
1 3.099772398 232.0338271 -0.004241156829
1 -138.836376 -458.6947368 -0.01808115915
1 -248.8803826 -223.5469027 -0.008788331921
1 -119.0185451 -177.9010931 -0.003602362432
1 -284.6589396 -384.8580639 -0.01801345509
1 -107.1355119 72.71468843 -0.001315617147
1 270.247441 277.2127706 -0.01177386027
1 115.7881302 -396.1398018 -0.01340980361
1 -214.8354895 222.8899167 -0.007528477451
1 10.95034941 -19.39353219 -3.901677844e-05
1 349.8656538 179.3724373 -0.01212326029
1 190.1720411 96.27126953 -0.003563132534
1 -321.6780028 -78.7325757 -0.008594517199
1 -326.3270286 162.3545588 -0.01041833402
1 357.125466 -312.7316166 -0.01769408004
1 57.91611448 -124.2587621 -0.001478842329
1 -189.6661076 98.47458438 -0.003581873291
1 163.4373433 -222.8642545 -0.006004461929
1 -143.9562787 -56.70186773 -0.00187667917
1 54.14125138 215.1834372 -0.003876521185
1 468.867043 -87.77148063 -0.01782858367
1 74.04026881 -25.63969485 -0.0004812298241
1 65.97988979 46.46809863 -0.0005111024239
1 -243.9995817 406.7915384 -0.01769711885
1 -130.0712795 -272.0324262 -0.007153739869
1 -91.96074197 38.35036978 -0.0007783345116
1 -115.5207903 148.6871114 -0.002786654478
1 119.8037712 -84.57923275 -0.00168781995
1 -101.3904353 -109.0812876 -0.001742471073
1 -341.7204658 -234.0911798 -0.0134638427
1 749.9999948 2.6521043e-10 -0.04406588106
1 716.6795994 221.0663793 -0.04408643218
1 619.6790765 422.4900406 -0.04414093907
1 467.6173482 586.3736078 -0.04421045866
1 274.0057664 698.1553066 -0.04427083252
1 56.0475698 747.9028427 -0.04430107959
1 -166.8906993 731.195929 -0.04429068983
1 -374.9999974 649.5190483 -0.04424327113
1 -549.7889001 510.1295498 -0.04417530575
1 -675.7266463 325.4128021 -0.04411041036
1 -741.6231145 111.7816989 -0.04407113655
1 -741.6231145 -111.7816989 -0.04407113231
1 -675.7266463 -325.4128021 -0.04411039891
1 -549.7889001 -510.1295498 -0.04417528701
1 -374.9999974 -649.5190483 -0.04424324734
1 -166.8906993 -731.195929 -0.04429066273
1 56.0475698 -747.9028427 -0.04430105111
1 274.0057664 -698.1553066 -0.04427080504
1 467.6173482 -586.3736078 -0.04421043662
1 619.6790765 -422.4900406 -0.04414092369
1 716.6795994 -221.0663793 -0.04408642492
1 1199.999979 6.002984915e-11 -0.1128086541
1 1167.653824 276.73904 -0.1128408675
1 1072.359149 538.5590067 -0.11293063
1 919.2533155 771.3451179 -0.1130588501
1 716.5902973 962.5478141 -0.1131982499
1 475.2957108 1101.859309 -0.1133191772
1 208.3778095 1181.769283 -0.1133959074
1 -69.77379345 1197.969769 -0.1134121177
1 -344.1638731 1149.587394 -0.1133643606
1 -599.9999894 1039.230466 -0.1132627941
1 -823.4899508 872.8483543 -0.1131290256
1 -1002.585356 659.4107619 -0.1129915086
1 -1127.631125 410.4241647 -0.1128794992
1 -1191.886008 139.3114945 -0.1128168205
1 -1191.886008 -139.3114945 -0.112816807
1 -1127.631125 -410.4241647 -0.1128794587
1 -1002.585356 -659.4107619 -0.1129914457
1 -823.4899508 -872.8483543 -0.1131289408
1 -599.9999894 -1039.230466 -0.1132626931
1 -344.1638731 -1149.587394 -0.1133642495
1 -69.77379345 -1197.969769 -0.1134120023
1 208.3778095 -1181.769283 -0.1133957928
1 475.2957108 -1101.859309 -0.1133190718
1 716.5902973 -962.5478141 -0.1131981569
1 919.2533155 -771.3451179 -0.1130587753
1 1072.359149 -538.5590067 -0.1129305789
1 1167.653824 -276.73904 -0.1128408412
1 1699.99994 5.182544255e-10 -0.2264006955
1 1624.473712 501.0837786 -0.2265063126
1 1404.605866 957.6440645 -0.2267863776
1 1059.932625 1329.113473 -0.2271435725
1 621.0797193 1582.485316 -0.2274537734
1 127.0411546 1695.246394 -0.2276091837
1 -378.2855742 1657.377391 -0.2275557987
1 -849.9999697 1472.243134 -0.2273121707
1 -1246.188138 1156.293613 -0.226962959
1 -1531.647021 737.6023302 -0.2266295174
1 -1681.012345 253.3718435 -0.2264277127
1 -1681.012345 -253.3718435 -0.2264276628
1 -1531.647021 -737.6023302 -0.2266293754
1 -1246.188138 -1156.293613 -0.2269627366
1 -849.9999697 -1472.243134 -0.2273118861
1 -378.2855742 -1657.377391 -0.2275554789
1 127.0411546 -1695.246394 -0.2276088562
1 621.0797193 -1582.485316 -0.2274534674
1 1059.932625 -1329.113473 -0.2271433163
1 1404.605866 -957.6440645 -0.2267861938
1 1624.473712 -501.0837786 -0.2265062168
1 6985.025812 -4106.070868 -5.150091487
1 6946.368803 -4087.633236 -5.096003792
1 7042.179909 -4082.914133 -5.197961875
1 6987.64072 -4049.923737 -5.11688702
1 6958.254038 -4015.902568 -5.063169446
1 7030.712181 -4011.173845 -5.139585735
1 9909.002371 -3778.255889 -8.816314518
1 9854.748741 -3769.277273 -8.726977529
1 9877.677083 -3729.055488 -8.738667222
1 9954.024462 -3723.317253 -8.853912657
1 9857.08095 -3697.113093 -8.688142982
1 9923.602511 -3688.075095 -8.785968188
1 10207.39413 -9099.430789 -14.68348962
1 10164.76406 -9068.473745 -14.57115844
1 10108.47556 -9061.47679 -14.47177064
1 10199.62214 -9042.960923 -14.59037596
1 10161.63994 -9025.419121 -14.50482818
1 10121.28055 -9023.855386 -14.43847627
1 17461.07996 -667.9186866 -23.92000322
1 17379.66335 -664.806927 -23.69745729
1 17423.6341 -654.1010237 -23.81623052
1 17381.88493 -625.176482 -23.69948107
1 17447.05926 -621.137966 -23.87691195
1 17417.02918 -599.7938963 -23.79284037
1 22648.67904 2826.673218 -40.81463602
1 22594.51125 2866.613043 -40.6405564
1 22630.45111 2869.76964 -40.7693147
1 22688.96223 2884.274776 -40.98362178
1 22617.69883 2916.816236 -40.7455537
1 22678.32409 2918.040406 -40.96124429
1 25020.01377 14091.14143 -64.6797978
1 24993.23464 14117.09473 -64.63253681
1 25059.4528 14136.38881 -64.93512381
1 24995.01419 14156.58652 -64.7274497
1 25033.55953 14162.418 -64.89152613
1 24951.74615 14163.12495 -64.57273201
1 33478.69708 14821.59801 -105.1080157
1 33434.96291 14839.24771 -104.91999
1 33539.45632 14847.88233 -105.4884414
1 33455.61602 14873.93399 -105.1093946
1 33494.21961 14884.50275 -105.3366393
1 33456.60857 14910.67666 -105.2007932
1 -7053.468225 -4315.153432 -5.364036313
1 -7035.770133 -4278.724249 -5.319845149
1 -6996.658226 -4275.265441 -5.274519588
1 -7068.326435 -4258.877976 -5.342471788
1 -7030.282799 -4228.621246 -5.280227811
1 -7079.209081 -4221.517426 -5.329579573
1 -9696.658194 -8271.289753 -12.75413026
1 -9659.118407 -8268.756827 -12.69390846
1 -9639.494103 -8235.147794 -12.62055342
1 -9755.746903 -8233.531932 -12.79509301
1 -9706.016869 -8219.052759 -12.70051159
1 -9707.872943 -8182.564916 -12.65620014
1 -14174.72457 -4527.813125 -17.35481397
1 -14226.63418 -4512.503389 -17.4594094
1 -14264.54126 -4498.115408 -17.53380662
1 -14199.73294 -4487.005372 -17.38143008
1 -14223.57234 -4451.922571 -17.40981339
1 -14185.16972 -4438.573193 -17.31500012
1 -10902.34012 -13863.61832 -24.44902369
1 -10937.06052 -13857.26838 -24.49456249
1 -10900.86441 -13824.89267 -24.36205306
1 -10955.22567 -13807.87066 -24.41808417
1 -10867.03953 -13794.63212 -24.23854659
1 -10924.16944 -13791.2045 -24.3286264
1 -9130.712891 -20838.19669 -40.73081614
1 -9157.609679 -20808.64174 -40.6724086
1 -9111.788535 -20795.36422 -40.56332255
1 -9075.334885 -20783.53073 -40.47263334
1 -9163.602892 -20769.48715 -40.55279253
1 -9114.084759 -20735.76487 -40.37165412
1 -2912.004295 -26518.77114 -56.05136612
1 -2955.768102 -26487.87157 -55.94248507
1 -2912.964819 -26483.53139 -55.90469906
1 -2871.185864 -26467.84199 -55.82033677
1 -2968.463399 -26455.18861 -55.81209717
1 -2913.971052 -26422.46778 -55.6507166
1 -3914.630767 -33576.83317 -89.99393918
1 -3962.729476 -33562.06807 -89.94554627
1 -3875.744804 -33552.31572 -89.84058268
1 -3929.90231 -33533.98559 -89.77684913
1 -3976.144796 -33526.8455 -89.7677781
1 -3905.035144 -33509.21316 -89.63078096
1 -152.8395203 8161.894675 -5.248554452
1 -188.0729183 8177.57344 -5.269672449
1 -223.6046519 8183.636919 -5.278631851
1 -147.0606479 8203.283905 -5.301766336
1 -182.7218515 8216.466366 -5.319735521
1 -210.7736871 8244.417322 -5.356837659
1 4053.043502 11384.34262 -11.49448552
1 4017.418522 11400.70572 -11.50132662
1 4057.50373 11423.95183 -11.56847318
1 4023.688333 11436.59927 -11.56983718
1 4095.269038 11441.81927 -11.62477125
1 4048.706963 11482.71578 -11.66890537
1 -3960.601694 12377.05145 -13.29426748
1 -3881.397425 12384.19818 -13.25954664
1 -3926.618829 12403.69033 -13.32526235
1 -3889.602915 12436.94143 -13.36765123
1 -3977.865804 12440.14816 -13.42833397
1 -3924.263219 12444.50381 -13.40368794
1 -8403.79676 15475.98048 -24.39627162
1 -8363.354956 15486.81236 -24.3695649
1 -8425.653379 15505.76956 -24.49777774
1 -8384.551705 15527.29176 -24.49625479
1 -8422.756753 15550.33455 -24.60296082
1 -8381.3813 15564.43787 -24.58305458
1 -13863.88666 18041.6267 -40.69417794
1 -13832.71596 18058.42678 -40.67431238
1 -13861.849 18090.12404 -40.82776514
1 -13899.40223 18092.74638 -40.91691017
1 -13838.02451 18124.76228 -40.87486535
1 -13893.90398 18135.47274 -41.02685337
1 -21825.49071 13227.94892 -51.09888142
1 -21773.43352 13243.90845 -50.9543522
1 -21857.92863 13266.64473 -51.29063856
1 -21817.03255 13274.45028 -51.1670289
1 -21785.42534 13290.62493 -51.09290631
1 -21855.45952 13312.15961 -51.37746351
1 -31075.94664 24708.76263 -123.7406044
1 -31008.79537 24733.3781 -123.5098506
1 -31065.22709 24752.7221 -123.859674
1 -31018.59811 24770.99947 -123.7041757
1 -31100.94237 24776.40022 -124.1259847
1 -31062.46623 24792.81404 -124.0026898
1 -964.4920326 1636.995662 -0.2839319273
1 -1131.322805 1621.00543 -0.3072199271
1 -1303.101976 1591.084723 -0.3324107129
1 -1478.900856 1546.318138 -0.359662507
1 -1657.682931 1485.830336 -0.3891472996
1 -1838.303046 1408.796146 -0.4210520564
1 -2019.507355 1314.45113 -0.45557998
1 -2199.934118 1202.102528 -0.4929518788
1 -2378.115407 1071.140561 -0.5334076068
1 -2552.479773 921.050016 -0.5772076186
1 -2721.355939 751.4220444 -0.6246345866
1 -2882.977577 561.9661145 -0.6759951535
1 -3035.489217 352.5220222 -0.7316217581
1 -3176.953336 123.07188 -0.7918745981
1 -3305.35867 -126.2480133 -0.8571436942
1 -3418.629782 -395.1355249 -0.9278510883
1 -3514.637929 -683.1113698 -1.004453194
1 -3591.213221 -989.5082384 -1.087443285
1 -3646.158121 -1313.460491 -1.177354159
1 -3677.26226 -1653.894546 -1.274761015
1 -3682.318581 -2009.520092 -1.380284518
1 -3659.140779 -2378.822269 -1.494594124
1 -3605.582027 -2760.054938 -1.618411693
1 -3519.554934 -3151.235213 -1.752515392
1 -3399.052683 -3550.13937 -1.897743975
1 -3242.171285 -3954.3003 -2.055001457
1 -3047.132875 -4361.006645 -2.225262251
1 -2812.309933 -4767.30376 -2.409576806
1 -2536.250345 -5169.996651 -2.609077848
1 -2217.703158 -5565.655026 -2.824987234
1 -1855.644891 -5950.620584 -3.058623543
1 -904.6044304 -1699.490275 -0.2915849447
1 -802.5365664 -1835.217119 -0.315720112
1 -685.8116045 -1967.851888 -0.3418383375
1 -554.1296476 -2096.107737 -0.3700989144
1 -407.2824551 -2218.625821 -0.4006738855
1 -245.1626182 -2333.979939 -0.4337491867
1 -67.77270619 -2440.682077 -0.4695258828
1 124.7656882 -2537.188893 -0.5082215562
1 332.2030851 -2621.909161 -0.5500718169
1 554.1535171 -2693.212207 -0.5953319648
1 790.0862828 -2749.437348 -0.6442788194
1 1039.318147 -2788.904335 -0.6972126996
1 1301.006082 -2809.924815 -0.7544596044
1 1574.140661 -2810.814804 -0.8163735695
1 1857.54019 -2789.908143 -0.8833392236
1 2149.845711 -2745.570936 -0.9557745537
1 2449.516957 -2676.21692 -1.034133892
1 2754.829398 -2580.323732 -1.118911118
1 3063.872469 -2456.450024 -1.210643103
1 3374.549102 -2303.253354 -1.309913384
1 3684.576671 -2119.508782 -1.417356096
1 3991.489455 -1904.128087 -1.533660155
1 4292.642736 -1656.179504 -1.659573715
1 4585.21862 -1374.907867 -1.795908888
1 4866.233688 -1059.755042 -1.94354677
1 5132.54857 -710.3805116 -2.103442759
1 5380.879511 -326.6819584 -2.276632195
1 5607.812026 91.18430425 -2.46423635
1 5809.816687 542.7832308 -2.667468788
1 5983.267114 1027.381455 -2.887642122
1 6124.460196 1543.928405 -3.126175221
1 1947.308313 117.1626005 -0.2981447182
1 2010.620958 277.1709356 -0.3227450403
1 2063.508111 448.211206 -0.3493964716
1 2104.698966 629.8618997 -0.3782704937
1 2132.908975 821.5842059 -0.409552305
1 2146.848714 1022.716539 -0.4434418114
1 2145.233512 1232.469567 -0.4801546927
1 2126.793837 1449.921822 -0.5199235644
1 2090.286423 1674.015982 -0.5629992253
1 2034.50611 1903.555896 -0.6096520286
1 1958.298359 2137.204452 -0.6601733649
1 1860.572407 2373.482358 -0.7148773048
1 1740.315014 2610.767937 -0.7741023865
1 1596.604734 2847.298005 -0.8382135816
1 1428.62665 3081.169928 -0.9076044937
1 1235.687498 3310.344932 -0.9826997369
1 1017.231085 3532.652745 -1.063957609
1 772.853915 3745.797645 -1.151873014
1 502.3209173 3947.365977 -1.246980702
1 205.5811541 4134.835222 -1.349858854
1 -117.2166041 4305.584642 -1.461133008
1 -465.7085762 4456.90758 -1.581480406
1 -839.3010782 4586.025438 -1.711634755
1 -1237.156194 4690.103363 -1.852391445
1 -1658.178162 4766.267673 -2.004613271
1 -2101.000653 4811.625011 -2.169236647
1 -2563.975093 4823.283238 -2.347278394
1 -3045.160234 4798.374034 -2.539843092
1 -3542.313128 4734.077183 -2.74813103
1 -4052.881718 4627.646475 -2.973446797
1 -4573.999209 4476.43718 -3.217208526
0 116.7644482 -26.82472208 0
