3.416155858745e+01 -2.796157478343e+02 0.000000000000e+00
-1.037887979595e+02 1.118973013841e+02 0.000000000000e+00
3.277665911936e+02 1.034391320954e+02 0.000000000000e+00
-1.688938246651e+02 -1.957717299504e+02 0.000000000000e+00
1.077067641911e+02 -4.573095933441e+02 0.000000000000e+00
1.122828011381e+02 -1.884702003386e+02 0.000000000000e+00
-1.407252647198e+02 -3.913941230415e+02 0.000000000000e+00
1.736040652064e+00 3.562820473658e+02 0.000000000000e+00
9.706679756762e+01 -5.496598603064e+01 0.000000000000e+00
-1.256462746841e+02 1.897366951316e+02 0.000000000000e+00
4.179141071578e+02 4.223741912643e+01 0.000000000000e+00
1.193883308318e+02 -3.333188186758e+02 0.000000000000e+00
-2.147043420893e+02 2.927959350793e+02 0.000000000000e+00
9.553536123711e+01 2.200492561972e+01 0.000000000000e+00
2.536664611230e+02 1.325038317286e+02 0.000000000000e+00
1.532809688705e+02 2.808798761290e+02 0.000000000000e+00
2.249142022792e+02 -7.484236467733e+01 0.000000000000e+00
-2.208275883034e+02 -1.825721520708e+02 0.000000000000e+00
9.577244910491e+01 4.488502989972e+02 0.000000000000e+00
-3.044628381029e+02 -1.313595109583e+02 0.000000000000e+00
-2.206709518672e+02 -3.842799039888e+02 0.000000000000e+00
-2.909984897902e+02 -2.589069609231e+02 0.000000000000e+00
3.781296118744e+02 1.306912088650e+02 0.000000000000e+00
1.820285390589e+02 -3.493328277054e+00 0.000000000000e+00
-2.565551926368e+01 -1.258375942561e+02 0.000000000000e+00
-3.773393188050e+02 -2.837855691894e+02 0.000000000000e+00
1.233274764021e+02 -2.815589162227e+01 0.000000000000e+00
-2.426716581767e+01 -2.298060206518e+02 0.000000000000e+00
3.011539768215e+02 1.501415145587e+02 0.000000000000e+00
-4.687544781802e+01 2.269079047977e+02 0.000000000000e+00
4.250603382314e+02 -4.348533317757e+01 0.000000000000e+00
3.617213237925e+02 -9.665128576357e+00 0.000000000000e+00
2.675986611045e+02 -2.153036195266e+02 0.000000000000e+00
8.988348945973e+01 1.934818570020e+02 0.000000000000e+00
1.522273606028e+02 2.268698684078e+02 0.000000000000e+00
-3.201450860183e+02 2.166985750892e+02 0.000000000000e+00
2.441052002914e+01 -2.147245843338e+02 0.000000000000e+00
-2.155353280154e+02 3.499688286599e+02 0.000000000000e+00
-1.840488529604e+02 3.985858355937e+02 0.000000000000e+00
-4.492141325811e+02 1.163164264145e+02 0.000000000000e+00
2.091135605450e+02 -2.109273554163e+02 0.000000000000e+00
-7.274957687906e+01 5.282001333601e+00 0.000000000000e+00
3.827132552004e+02 -1.383473125112e+02 0.000000000000e+00
-1.040375464906e+01 1.489083915592e+02 0.000000000000e+00
3.794956807159e+02 -2.513242392999e+02 0.000000000000e+00
-6.461833042985e+01 4.304210890825e+02 0.000000000000e+00
1.958583046494e+02 4.339493641154e+02 0.000000000000e+00
-7.055651677831e+01 -4.392373636460e+01 0.000000000000e+00
2.521252047401e+02 1.359434952556e+01 0.000000000000e+00
3.958877048852e+01 2.571232926445e+02 0.000000000000e+00
-4.571362050659e+02 -1.023675081139e+02 0.000000000000e+00
2.781961545775e+02 -1.213618334776e+02 0.000000000000e+00
-2.922715487061e+02 -3.545935806345e+01 0.000000000000e+00
-2.648096029498e+02 2.315482862470e+02 0.000000000000e+00
-7.500785166732e+01 1.837974834642e+02 0.000000000000e+00
2.777316440335e+01 -3.448295086300e+02 0.000000000000e+00
1.716915259516e+02 -4.161169164028e+02 0.000000000000e+00
-1.263727270397e+02 4.507368289157e+02 0.000000000000e+00
-2.835420583138e+02 1.295994232052e+02 0.000000000000e+00
-3.583128164576e+02 1.130953107270e+02 0.000000000000e+00
3.152962596288e+02 -6.832079084337e+01 0.000000000000e+00
-5.834309122361e+01 5.948843295838e+01 0.000000000000e+00
-1.433602283580e+02 -3.253686246984e+02 0.000000000000e+00
1.891049965884e+02 -2.811295416525e+02 0.000000000000e+00
2.417613909261e+02 8.708004627701e+01 0.000000000000e+00
2.566233322199e+02 2.262587331289e+02 0.000000000000e+00
-1.886608288125e+02 -1.288601839395e+02 0.000000000000e+00
2.940089523553e+02 -2.962148235162e+02 0.000000000000e+00
-3.972411685803e+02 -2.071423651543e+02 0.000000000000e+00
-1.928053229291e+02 2.040556764975e+01 0.000000000000e+00
-2.141559902655e+02 6.148335685260e+01 0.000000000000e+00
8.630381359743e+01 3.702313126679e+02 0.000000000000e+00
-2.228353388831e+02 -4.970184271862e+01 0.000000000000e+00
1.000030660657e+02 6.502123654043e+01 0.000000000000e+00
3.551641263582e+02 2.360120393261e+02 0.000000000000e+00
9.736036438255e+01 -1.213499902673e+02 0.000000000000e+00
4.366885897214e+02 1.798819535432e+02 0.000000000000e+00
2.997248161534e+02 3.282606104417e+02 0.000000000000e+00
3.109791884049e+02 -3.628078493372e+02 0.000000000000e+00
-4.325360680089e+02 3.934032547424e+01 0.000000000000e+00
-1.639412158520e+02 6.701107510246e+01 0.000000000000e+00
-4.070446976434e+02 1.684139016908e+02 0.000000000000e+00
4.839499936060e+01 8.067012465379e+01 0.000000000000e+00
2.211037020370e+02 -3.410957199988e+02 0.000000000000e+00
2.216373380540e+02 3.359313506403e+02 0.000000000000e+00
-1.948581658087e+02 1.800564168062e+02 0.000000000000e+00
1.971810625674e+02 1.952921641102e+02 0.000000000000e+00
-6.536834148792e+01 -9.688607778701e+01 0.000000000000e+00
-2.976895717761e+02 3.662982006181e+02 0.000000000000e+00
-3.039720891350e+02 -3.260589414555e+02 0.000000000000e+00
5.299907727455e+01 1.130310069632e+01 0.000000000000e+00
-4.367809603818e+02 -3.186200835800e+01 0.000000000000e+00
-2.213424781634e+02 1.263477166343e+02 0.000000000000e+00
1.623720489429e+02 -7.314773529236e+01 0.000000000000e+00
-7.928660276394e+01 3.010501847311e+02 0.000000000000e+00
1.976101935981e+02 -1.263890708826e+02 0.000000000000e+00
-1.605779755636e+02 -1.629281769568e+01 0.000000000000e+00
1.248615475611e+02 1.208168886174e+02 0.000000000000e+00
-3.789611754269e+02 2.322670833911e+02 0.000000000000e+00
-5.219077814439e+01 -1.574208419402e+02 0.000000000000e+00
2.459395635222e+02 -2.678363691497e+02 0.000000000000e+00
-2.760197075160e+01 2.885648357225e+02 0.000000000000e+00
1.228507544393e+02 1.671137023080e+02 0.000000000000e+00
9.380644547462e+00 1.841622073418e+02 0.000000000000e+00
-1.044760643655e+02 -6.612151105480e+01 0.000000000000e+00
-1.400981870530e+02 -1.393235912680e+02 0.000000000000e+00
-2.484458231532e+00 -4.011166132868e+02 0.000000000000e+00
-2.424105229225e+02 5.727998887465e+00 0.000000000000e+00
-1.216626630962e+01 9.751029358384e+01 0.000000000000e+00
-2.669126436527e+02 -1.656229086642e+02 0.000000000000e+00
-3.769776769374e+02 -8.484031899153e+01 0.000000000000e+00
-3.154099511829e+02 1.711961314030e+01 0.000000000000e+00
5.126617207257e+01 -1.695144832185e+02 0.000000000000e+00
-6.461129691471e+01 -3.346148028975e+02 0.000000000000e+00
4.776643714256e+02 1.764846496110e+01 0.000000000000e+00
-3.426998481496e+02 -1.770160489171e+02 0.000000000000e+00
-1.787446029606e+02 -2.650943498758e+02 0.000000000000e+00
-1.373030017618e+01 1.065659365590e+01 0.000000000000e+00
2.449086546228e+02 -1.618256061590e+02 0.000000000000e+00
3.595280152565e+02 4.931855454755e+01 0.000000000000e+00
5.681282633479e+01 -4.095537689234e+02 0.000000000000e+00
-1.250485959062e+02 -2.217953482002e+02 0.000000000000e+00
2.899150484683e+02 -1.051430944851e+01 0.000000000000e+00
8.062915418045e+01 1.210353567172e+02 0.000000000000e+00
7.771904367231e+01 -2.150909866863e+02 0.000000000000e+00
1.582636387452e+02 6.861719722670e+01 0.000000000000e+00
-8.237900421114e+01 -4.344291233821e+02 0.000000000000e+00
3.330441711246e+02 -2.147078268621e+02 0.000000000000e+00
1.233761917364e+02 -2.436067948669e+02 0.000000000000e+00
-3.135008975081e+02 8.714419902047e+01 0.000000000000e+00
1.405056894274e+02 4.092215958378e+02 0.000000000000e+00
-3.463186690024e+01 1.810655643109e+02 0.000000000000e+00
3.978064252859e+00 -5.869339087797e+01 0.000000000000e+00
1.437328012034e+02 -1.221539154705e+02 0.000000000000e+00
1.063518719332e+02 2.496835744524e+02 0.000000000000e+00
-7.824747354621e+01 3.606179508660e+02 0.000000000000e+00
4.327770160797e+02 1.022203328362e+02 0.000000000000e+00
-1.932618876919e+00 4.492531047156e+02 0.000000000000e+00
7.357590321083e+01 3.107413600486e+02 0.000000000000e+00
1.864735328153e+02 1.405635456607e+02 0.000000000000e+00
2.958867933189e+02 6.302018492136e+01 0.000000000000e+00
1.427938929330e+02 7.452450393389e+00 0.000000000000e+00
-3.694749538475e+00 -4.790319813188e+02 0.000000000000e+00
2.515315592156e+02 -3.979279813099e+02 0.000000000000e+00
3.266570405960e+02 -1.347288560105e+02 0.000000000000e+00
-1.329971943643e+02 3.827268149322e+01 0.000000000000e+00
4.480633741368e+02 -1.476351416286e+02 0.000000000000e+00
-1.685529145274e+01 -3.035249162253e+02 0.000000000000e+00
-2.342466545580e+02 -2.869609134327e+02 0.000000000000e+00
2.433952455688e+02 -3.123974986205e+01 0.000000000000e+00
-2.750141560895e+02 2.876861040704e+02 0.000000000000e+00
-3.481646734348e+02 -2.681226664033e+01 0.000000000000e+00
4.078877143349e+02 -1.965798276096e+02 0.000000000000e+00
-1.668475721630e+02 2.317277428052e+02 0.000000000000e+00
3.800890165928e+02 -8.143602206407e+01 0.000000000000e+00
-8.916475307008e+01 -1.461379260813e+02 0.000000000000e+00
3.703963912571e+01 -4.373524638800e+01 0.000000000000e+00
-1.002154377122e+02 2.500798610331e+02 0.000000000000e+00
-3.457123235993e+02 2.886495092646e+02 0.000000000000e+00
2.865680390458e+01 4.984875051109e+01 0.000000000000e+00
4.996115427862e+01 1.750026175805e+02 0.000000000000e+00
1.514388322887e+02 -1.742592489334e+02 0.000000000000e+00
-1.860016877298e+02 -7.979318616505e+01 0.000000000000e+00
-2.842780589441e+01 -8.592622613638e+01 0.000000000000e+00
-8.275890960493e+01 -2.745535232159e+02 0.000000000000e+00
3.718407568583e+01 1.222649244577e+02 0.000000000000e+00
-1.595685648585e+02 1.321428695383e+02 0.000000000000e+00
2.369962061881e+01 3.021369034238e+02 0.000000000000e+00
-1.495670863533e+02 3.055150413120e+02 0.000000000000e+00
-2.590263742671e+02 -1.019688524896e+02 0.000000000000e+00
1.493887365335e+00 -1.779794148824e+02 0.000000000000e+00
-1.400599993082e+02 -9.525066964295e+01 0.000000000000e+00
-6.858650552823e+01 -2.106970712111e+02 0.000000000000e+00
2.051460908450e+01 -1.134373853932e+02 0.000000000000e+00
1.442160936038e+02 3.499575799814e+02 0.000000000000e+00
-3.531531612535e+02 5.215195608510e+01 0.000000000000e+00
-1.090703949696e+02 -1.998625365869e+01 0.000000000000e+00
2.497328616517e+02 3.999802050448e+02 0.000000000000e+00
2.030674457039e+02 2.702468144986e+02 0.000000000000e+00
-8.886877244056e+00 5.891198648472e+01 0.000000000000e+00
-2.599396746373e+02 6.060302207894e+01 0.000000000000e+00
6.635844643995e+01 -8.550502262816e+01 0.000000000000e+00
4.818390989514e+01 4.113537025061e+02 0.000000000000e+00
1.961705203173e+02 -4.433165365128e+01 0.000000000000e+00
8.653737577388e+01 -2.938360146703e+02 0.000000000000e+00
2.188189250693e+02 4.152091452225e+01 0.000000000000e+00
-3.174446374311e+01 -4.560849108559e+01 0.000000000000e+00
2.404897693268e+02 1.792951240434e+02 0.000000000000e+00
-1.411912761009e+02 3.609467879319e+02 0.000000000000e+00
-4.065276065039e+02 -1.483603033132e+02 0.000000000000e+00
-5.815395076401e+01 1.056592706331e+02 0.000000000000e+00
-2.637785877534e+02 1.751422112488e+02 0.000000000000e+00
3.607887567168e+02 3.109980849197e+02 0.000000000000e+00
-5.957518785583e+01 1.433472653467e+02 0.000000000000e+00
3.099772398744e+00 2.320338272199e+02 0.000000000000e+00
-1.388363763654e+02 -4.586947381427e+02 0.000000000000e+00
-2.488803829464e+02 -2.235469029655e+02 0.000000000000e+00
-1.190185451976e+02 -1.779010931851e+02 0.000000000000e+00
-2.846589404391e+02 -3.848580649526e+02 0.000000000000e+00
-1.071355119413e+02 7.271468844321e+01 0.000000000000e+00
2.702474414717e+02 2.772127710903e+02 0.000000000000e+00
1.157881304599e+02 -3.961398025978e+02 0.000000000000e+00
-2.148354897462e+02 2.228899169589e+02 0.000000000000e+00
1.095034941373e+01 -1.939353218801e+01 0.000000000000e+00
3.498656544516e+02 1.793724376166e+02 0.000000000000e+00
1.901720411886e+02 9.627126958612e+01 0.000000000000e+00
-3.216780032679e+02 -7.873257580406e+01 0.000000000000e+00
-3.263270291701e+02 1.623545591057e+02 0.000000000000e+00
3.571254670219e+02 -3.127316174606e+02 0.000000000000e+00
5.791611449174e+01 -1.242587621605e+02 0.000000000000e+00
-1.896661077389e+02 9.847458443872e+01 0.000000000000e+00
1.634373434593e+02 -2.228642547383e+02 0.000000000000e+00
-1.439562787880e+02 -5.670186774603e+01 0.000000000000e+00
5.414125141270e+01 2.151834373247e+02 0.000000000000e+00
4.688670443211e+02 -8.777148087546e+01 0.000000000000e+00
7.404026881364e+01 -2.563969485486e+01 0.000000000000e+00
6.597988979052e+01 4.646809863618e+01 0.000000000000e+00
-2.439995823985e+02 4.067915395255e+02 0.000000000000e+00
-1.300712796394e+02 -2.720324265167e+02 0.000000000000e+00
-9.196074198512e+01 3.835036978926e+01 0.000000000000e+00
-1.155207903242e+02 1.486871114209e+02 0.000000000000e+00
1.198037712345e+02 -8.457923277756e+01 0.000000000000e+00
-1.013904353542e+02 -1.090812876592e+02 0.000000000000e+00
-3.417204665590e+02 -2.340911803158e+02 0.000000000000e+00
7.500000000000e+02 0.000000000000e+00 0.000000000000e+00
7.166796043396e+02 2.210663808082e+02 0.000000000000e+00
6.196790807370e+02 4.224900435477e+02 0.000000000000e+00
4.676173513941e+02 5.863736118510e+02 0.000000000000e+00
2.740057682748e+02 6.981553114832e+02 0.000000000000e+00
5.604757018982e+01 7.479028478859e+02 0.000000000000e+00
-1.668907004672e+02 7.311959341364e+02 0.000000000000e+00
-3.750000000000e+02 6.495190528383e+02 0.000000000000e+00
-5.497889038724e+02 5.101295533282e+02 0.000000000000e+00
-6.757266509268e+02 3.254128043382e+02 0.000000000000e+00
-7.416231196688e+02 1.117816996321e+02 0.000000000000e+00
-7.416231196688e+02 -1.117816996321e+02 0.000000000000e+00
-6.757266509268e+02 -3.254128043382e+02 0.000000000000e+00
-5.497889038724e+02 -5.101295533282e+02 0.000000000000e+00
-3.750000000000e+02 -6.495190528383e+02 0.000000000000e+00
-1.668907004672e+02 -7.311959341364e+02 0.000000000000e+00
5.604757018982e+01 -7.479028478859e+02 0.000000000000e+00
2.740057682748e+02 -6.981553114832e+02 0.000000000000e+00
4.676173513941e+02 -5.863736118510e+02 0.000000000000e+00
6.196790807370e+02 -4.224900435477e+02 0.000000000000e+00
7.166796043396e+02 -2.210663808082e+02 0.000000000000e+00
1.200000000000e+03 0.000000000000e+00 0.000000000000e+00
1.167653844696e+03 2.767390448909e+02 0.000000000000e+00
1.072359168388e+03 5.385590162406e+02 0.000000000000e+00
9.192533317428e+02 7.713451316238e+02 0.000000000000e+00
7.165903100433e+02 9.625478313061e+02 0.000000000000e+00
4.752957192470e+02 1.101859328256e+03 0.000000000000e+00
2.083778132003e+02 1.181769303615e+03 0.000000000000e+00
-6.977379469257e+01 1.197969789926e+03 0.000000000000e+00
-3.441638792533e+02 1.149587414779e+03 0.000000000000e+00
-6.000000000000e+02 1.039230484541e+03 0.000000000000e+00
-8.234899654425e+02 8.728483698877e+02 0.000000000000e+00
-1.002585373696e+03 6.594107736850e+02 0.000000000000e+00
-1.127631144943e+03 4.104241719908e+02 0.000000000000e+00
-1.191886029290e+03 1.393114969503e+02 0.000000000000e+00
-1.191886029290e+03 -1.393114969503e+02 0.000000000000e+00
-1.127631144943e+03 -4.104241719908e+02 0.000000000000e+00
-1.002585373696e+03 -6.594107736850e+02 0.000000000000e+00
-8.234899654425e+02 -8.728483698877e+02 0.000000000000e+00
-6.000000000000e+02 -1.039230484541e+03 0.000000000000e+00
-3.441638792533e+02 -1.149587414779e+03 0.000000000000e+00
-6.977379469257e+01 -1.197969789926e+03 0.000000000000e+00
2.083778132003e+02 -1.181769303615e+03 0.000000000000e+00
4.752957192470e+02 -1.101859328256e+03 0.000000000000e+00
7.165903100433e+02 -9.625478313061e+02 0.000000000000e+00
9.192533317428e+02 -7.713451316238e+02 0.000000000000e+00
1.072359168388e+03 -5.385590162406e+02 0.000000000000e+00
1.167653844696e+03 -2.767390448909e+02 0.000000000000e+00
1.700000000000e+03 0.000000000000e+00 0.000000000000e+00
1.624473769836e+03 5.010837964985e+02 0.000000000000e+00
1.404605916337e+03 9.576440987082e+02 0.000000000000e+00
1.059932663160e+03 1.329113520196e+03 0.000000000000e+00
6.210797414229e+02 1.582485372695e+03 0.000000000000e+00
1.270411590969e+02 1.695246455208e+03 0.000000000000e+00
-3.782855877257e+02 1.657377450709e+03 0.000000000000e+00
-8.500000000000e+02 1.472243186434e+03 0.000000000000e+00
-1.246188182111e+03 1.156293654211e+03 0.000000000000e+00
-1.531647075434e+03 7.376023564998e+02 0.000000000000e+00
-1.681012404583e+03 2.533718524995e+02 0.000000000000e+00
-1.681012404583e+03 -2.533718524995e+02 0.000000000000e+00
-1.531647075434e+03 -7.376023564998e+02 0.000000000000e+00
-1.246188182111e+03 -1.156293654211e+03 0.000000000000e+00
-8.500000000000e+02 -1.472243186434e+03 0.000000000000e+00
-3.782855877257e+02 -1.657377450709e+03 0.000000000000e+00
1.270411590969e+02 -1.695246455208e+03 0.000000000000e+00
6.210797414229e+02 -1.582485372695e+03 0.000000000000e+00
1.059932663160e+03 -1.329113520196e+03 0.000000000000e+00
1.404605916337e+03 -9.576440987082e+02 0.000000000000e+00
1.624473769836e+03 -5.010837964985e+02 0.000000000000e+00
6.985025811729e+03 -4.106070868047e+03 -5.150091479203e+00
6.946368802722e+03 -4.087633235844e+03 -5.096003792487e+00
7.042179909270e+03 -4.082914132983e+03 -5.197961874155e+00
6.987640719619e+03 -4.049923737106e+03 -5.116887016666e+00
6.958254037624e+03 -4.015902567674e+03 -5.063169444373e+00
7.030712181078e+03 -4.011173845004e+03 -5.139585739287e+00
9.909002370897e+03 -3.778255888554e+03 -8.816314518396e+00
9.854748740994e+03 -3.769277272769e+03 -8.726977530761e+00
9.877677082888e+03 -3.729055488051e+03 -8.738667226402e+00
9.954024461665e+03 -3.723317253496e+03 -8.853912657995e+00
9.857080949648e+03 -3.697113092569e+03 -8.688142980209e+00
9.923602511343e+03 -3.688075095164e+03 -8.785968186754e+00
1.020739412843e+04 -9.099430789029e+03 -1.468348961042e+01
1.016476406193e+04 -9.068473744683e+03 -1.457115843467e+01
1.010847556133e+04 -9.061476790145e+03 -1.447177064426e+01
1.019962214254e+04 -9.042960922936e+03 -1.459037596232e+01
1.016163993962e+04 -9.025419120984e+03 -1.450482817998e+01
1.012128054696e+04 -9.023855385816e+03 -1.443847626872e+01
1.746107996128e+04 -6.679186865962e+02 -2.392000322500e+01
1.737966335457e+04 -6.648069270297e+02 -2.369745729398e+01
1.742363409845e+04 -6.541010237426e+02 -2.381623051472e+01
1.738188492822e+04 -6.251764819723e+02 -2.369948107499e+01
1.744705925590e+04 -6.211379659953e+02 -2.387691194480e+01
1.741702917626e+04 -5.997938962700e+02 -2.379284036866e+01
2.264867903644e+04 2.826673217685e+03 -4.081463601851e+01
2.259451124641e+04 2.866613043264e+03 -4.064055640342e+01
2.263045111008e+04 2.869769640239e+03 -4.076931470121e+01
2.268896223426e+04 2.884274775577e+03 -4.098362177657e+01
2.261769882995e+04 2.916816235505e+03 -4.074555369757e+01
2.267832408970e+04 2.918040405529e+03 -4.096124429226e+01
2.502001377104e+04 1.409114142781e+04 -6.467979780350e+01
2.499323464471e+04 1.411709473329e+04 -6.463253680522e+01
2.505945279603e+04 1.413638881101e+04 -6.493512380631e+01
2.499501419230e+04 1.415658652165e+04 -6.472744969836e+01
2.503355952500e+04 1.416241800222e+04 -6.489152613379e+01
2.495174615007e+04 1.416312495404e+04 -6.457273200817e+01
3.347869707815e+04 1.482159801033e+04 -1.051080156833e+02
3.343496290602e+04 1.483924770713e+04 -1.049199900157e+02
3.353945631825e+04 1.484788233431e+04 -1.054884413974e+02
3.345561602263e+04 1.487393399049e+04 -1.051093945880e+02
3.349421960909e+04 1.488450275260e+04 -1.053366393109e+02
3.345660857100e+04 1.491067665715e+04 -1.052007931604e+02
-7.053468225422e+03 -4.315153431610e+03 -5.364036312428e+00
-7.035770133131e+03 -4.278724248527e+03 -5.319845147789e+00
-6.996658225647e+03 -4.275265440959e+03 -5.274519589178e+00
-7.068326435210e+03 -4.258877976104e+03 -5.342471785907e+00
-7.030282798694e+03 -4.228621245723e+03 -5.280227812940e+00
-7.079209081431e+03 -4.221517426303e+03 -5.329579572277e+00
-9.696658193728e+03 -8.271289752615e+03 -1.275413025302e+01
-9.659118407452e+03 -8.268756826909e+03 -1.269390846055e+01
-9.639494103056e+03 -8.235147793725e+03 -1.262055342381e+01
-9.755746903147e+03 -8.233531932201e+03 -1.279509300708e+01
-9.706016869426e+03 -8.219052758822e+03 -1.270051158593e+01
-9.707872943131e+03 -8.182564915637e+03 -1.265620014263e+01
-1.417472457433e+04 -4.527813125156e+03 -1.735481397418e+01
-1.422663418493e+04 -4.512503388993e+03 -1.745940939933e+01
-1.426454125732e+04 -4.498115408137e+03 -1.753380661402e+01
-1.419973293903e+04 -4.487005372161e+03 -1.738143008070e+01
-1.422357233611e+04 -4.451922571078e+03 -1.740981338446e+01
-1.418516972227e+04 -4.438573192623e+03 -1.731500011887e+01
-1.090234012115e+04 -1.386361831505e+04 -2.444902369726e+01
-1.093706052004e+04 -1.385726837834e+04 -2.449456248773e+01
-1.090086440617e+04 -1.382489267101e+04 -2.436205306058e+01
-1.095522567109e+04 -1.380787066398e+04 -2.441808416746e+01
-1.086703952927e+04 -1.379463211604e+04 -2.423854659368e+01
-1.092416943578e+04 -1.379120450494e+04 -2.432862640332e+01
-9.130712890554e+03 -2.083819668711e+04 -4.073081614516e+01
-9.157609678522e+03 -2.080864173628e+04 -4.067240860271e+01
-9.111788534506e+03 -2.079536421847e+04 -4.056332254910e+01
-9.075334885120e+03 -2.078353072749e+04 -4.047263333621e+01
-9.163602892038e+03 -2.076948715216e+04 -4.055279253101e+01
-9.114084758682e+03 -2.073576486616e+04 -4.037165411918e+01
-2.912004295342e+03 -2.651877113606e+04 -5.605136611931e+01
-2.955768102067e+03 -2.648787156817e+04 -5.594248506850e+01
-2.912964819230e+03 -2.648353139271e+04 -5.590469905480e+01
-2.871185863750e+03 -2.646784198737e+04 -5.582033677431e+01
-2.968463398725e+03 -2.645518861111e+04 -5.581209716944e+01
-2.913971051794e+03 -2.642246778325e+04 -5.565071660041e+01
-3.914630766996e+03 -3.357683316600e+04 -8.999393918217e+01
-3.962729476061e+03 -3.356206807174e+04 -8.994554627392e+01
-3.875744803519e+03 -3.355231572309e+04 -8.984058267949e+01
-3.929902309848e+03 -3.353398559014e+04 -8.977684913730e+01
-3.976144795891e+03 -3.352684549836e+04 -8.976777810514e+01
-3.905035143612e+03 -3.350921316035e+04 -8.963078096352e+01
-1.528395203258e+02 8.161894674882e+03 -5.248554450420e+00
-1.880729182514e+02 8.177573439939e+03 -5.269672448093e+00
-2.236046519127e+02 8.183636918677e+03 -5.278631850589e+00
-1.470606478665e+02 8.203283904738e+03 -5.301766337303e+00
-1.827218515238e+02 8.216466365683e+03 -5.319735520647e+00
-2.107736870983e+02 8.244417322003e+03 -5.356837659853e+00
4.053043501736e+03 1.138434262265e+04 -1.149448552077e+01
4.017418521587e+03 1.140070571660e+04 -1.150132661668e+01
4.057503730347e+03 1.142395182837e+04 -1.156847318063e+01
4.023688333434e+03 1.143659926783e+04 -1.156983717889e+01
4.095269038120e+03 1.144181927399e+04 -1.162477124980e+01
4.048706962654e+03 1.148271578039e+04 -1.166890536902e+01
-3.960601694436e+03 1.237705144763e+04 -1.329426748359e+01
-3.881397424840e+03 1.238419817682e+04 -1.325954663753e+01
-3.926618829219e+03 1.240369033419e+04 -1.332526235429e+01
-3.889602915360e+03 1.243694142711e+04 -1.336765123082e+01
-3.977865804050e+03 1.244014816276e+04 -1.342833397158e+01
-3.924263218981e+03 1.244450380718e+04 -1.340368793637e+01
-8.403796760355e+03 1.547598048284e+04 -2.439627161890e+01
-8.363354956358e+03 1.548681236055e+04 -2.436956489778e+01
-8.425653378847e+03 1.550576955770e+04 -2.449777774445e+01
-8.384551704929e+03 1.552729175983e+04 -2.449625479018e+01
-8.422756753089e+03 1.555033455311e+04 -2.460296082774e+01
-8.381381300465e+03 1.556443787401e+04 -2.458305457393e+01
-1.386388666097e+04 1.804162669821e+04 -4.069417793550e+01
-1.383271596102e+04 1.805842677879e+04 -4.067431237705e+01
-1.386184900040e+04 1.809012403834e+04 -4.082776513897e+01
-1.389940223162e+04 1.809274637799e+04 -4.091691016486e+01
-1.383802450744e+04 1.812476227782e+04 -4.087486535614e+01
-1.389390398092e+04 1.813547274160e+04 -4.102685337143e+01
-2.182549071164e+04 1.322794891685e+04 -5.109888141632e+01
-2.177343352097e+04 1.324390844904e+04 -5.095435219753e+01
-2.185792863013e+04 1.326664472874e+04 -5.129063856236e+01
-2.181703254555e+04 1.327445027712e+04 -5.116702890209e+01
-2.178542533857e+04 1.329062493422e+04 -5.109290630504e+01
-2.185545951891e+04 1.331215961220e+04 -5.137746351265e+01
-3.107594663534e+04 2.470876262865e+04 -1.237406043827e+02
-3.100879537313e+04 2.473337809528e+04 -1.235098505943e+02
-3.106522709426e+04 2.475272209963e+04 -1.238596739608e+02
-3.101859811140e+04 2.477099947028e+04 -1.237041757432e+02
-3.110094236788e+04 2.477640021982e+04 -1.241259846870e+02
-3.106246623311e+04 2.479281404032e+04 -1.240026897667e+02
-9.644920755282e+02 1.636995734950e+03 0.000000000000e+00
-1.131322859645e+03 1.621005508654e+03 0.000000000000e+00
-1.303102043993e+03 1.591084806001e+03 0.000000000000e+00
-1.478900938852e+03 1.546318225768e+03 0.000000000000e+00
-1.657683032261e+03 1.485830426587e+03 0.000000000000e+00
-1.838303167631e+03 1.408796239564e+03 0.000000000000e+00
-2.019507498922e+03 1.314451224059e+03 0.000000000000e+00
-2.199934287778e+03 1.202102620998e+03 0.000000000000e+00
-2.378115605859e+03 1.071140651274e+03 0.000000000000e+00
-2.552480003704e+03 9.210500997638e+02 0.000000000000e+00
-2.721356205036e+03 7.514221183782e+02 0.000000000000e+00
-2.882977882285e+03 5.619661743569e+02 0.000000000000e+00
-3.035489565296e+03 3.525220628162e+02 0.000000000000e+00
-3.176953730635e+03 1.230718953816e+02 0.000000000000e+00
-3.305359113664e+03 -1.262480303476e+02 0.000000000000e+00
-3.418630279469e+03 -3.951355826750e+02 0.000000000000e+00
-3.514638481965e+03 -6.831114778999e+02 0.000000000000e+00
-3.591213832839e+03 -9.895084079038e+02 0.000000000000e+00
-3.646158793617e+03 -1.313460734546e+03 0.000000000000e+00
-3.677262994941e+03 -1.653894877768e+03 0.000000000000e+00
-3.682319377137e+03 -2.009520529378e+03 0.000000000000e+00
-3.659141635407e+03 -2.378822828930e+03 0.000000000000e+00
-3.605582941426e+03 -2.760055641865e+03 0.000000000000e+00
-3.519555900898e+03 -3.151236083092e+03 0.000000000000e+00
-3.399053693655e+03 -3.550140431245e+03 0.000000000000e+00
-3.242172329286e+03 -3.954301580048e+03 0.000000000000e+00
-3.047133937072e+03 -4.361008173309e+03 0.000000000000e+00
-2.812310994285e+03 -4.767305569039e+03 0.000000000000e+00
-2.536251381656e+03 -5.169998775971e+03 0.000000000000e+00
-2.217704139269e+03 -5.565657502184e+03 0.000000000000e+00
-1.855645780195e+03 -5.950623450659e+03 0.000000000000e+00
-9.046044717185e+02 -1.699490353114e+03 0.000000000000e+00
-8.025366061031e+02 -1.835217209823e+03 0.000000000000e+00
-6.858116412779e+02 -1.967851994231e+03 0.000000000000e+00
-5.541296797510e+02 -2.096107858963e+03 0.000000000000e+00
-4.072824806790e+02 -2.218625960573e+03 0.000000000000e+00
-2.451626348183e+02 -2.333980098045e+03 0.000000000000e+00
-6.777271117280e+01 -2.440682257722e+03 0.000000000000e+00
1.247656981580e+02 -2.537189096189e+03 0.000000000000e+00
3.322031136992e+02 -2.621909388025e+03 0.000000000000e+00
5.541535687405e+02 -2.693212459969e+03 0.000000000000e+00
7.900863626033e+02 -2.749437627195e+03 0.000000000000e+00
1.039318260307e+03 -2.788904640875e+03 0.000000000000e+00
1.301006236120e+03 -2.809925149090e+03 0.000000000000e+00
1.574140862280e+03 -2.810815165436e+03 0.000000000000e+00
1.857540447513e+03 -2.789908531387e+03 0.000000000000e+00
2.149846032745e+03 -2.745571349554e+03 0.000000000000e+00
2.449517353599e+03 -2.676217355580e+03 0.000000000000e+00
2.754829880790e+03 -2.580324186432e+03 0.000000000000e+00
3.063873050276e+03 -2.456450492394e+03 0.000000000000e+00
3.374549795003e+03 -2.303253829155e+03 0.000000000000e+00
3.684577489175e+03 -2.119509255091e+03 0.000000000000e+00
3.991490414126e+03 -1.904128547149e+03 0.000000000000e+00
4.292643852018e+03 -1.656179936827e+03 0.000000000000e+00
4.585219909696e+03 -1.374908255543e+03 0.000000000000e+00
4.866235169981e+03 -1.059755366404e+03 0.000000000000e+00
5.132550261505e+03 -7.103807470008e+02 0.000000000000e+00
5.380881430752e+03 -3.266820755307e+02 0.000000000000e+00
5.607814191298e+03 9.118433964513e+01 0.000000000000e+00
5.809819115277e+03 5.427834588805e+02 0.000000000000e+00
5.983269820743e+03 1.027381922022e+03 0.000000000000e+00
6.124463196001e+03 1.543929165698e+03 0.000000000000e+00
1.947308403498e+03 1.171626059837e+02 0.000000000000e+00
2.010621059622e+03 2.771709496743e+02 0.000000000000e+00
2.063508224301e+03 4.482112306738e+02 0.000000000000e+00
2.104699090621e+03 6.298619372617e+02 0.000000000000e+00
2.132909111779e+03 8.215842589198e+02 0.000000000000e+00
2.146848863215e+03 1.022716610411e+03 0.000000000000e+00
2.145233673147e+03 1.232469659784e+03 0.000000000000e+00
2.126794009914e+03 1.449921940511e+03 0.000000000000e+00
2.090286607685e+03 1.674016130071e+03 0.000000000000e+00
2.034506304820e+03 1.903556078837e+03 0.000000000000e+00
1.958298561532e+03 2.137204674240e+03 0.000000000000e+00
1.860572615416e+03 2.373482625684e+03 0.000000000000e+00
1.740315225090e+03 2.610768255538e+03 0.000000000000e+00
1.596604943469e+03 2.847298380772e+03 0.000000000000e+00
1.428626853281e+03 3.081170368266e+03 0.000000000000e+00
1.235687688264e+03 3.310345444540e+03 0.000000000000e+00
1.017231254192e+03 3.532653337543e+03 0.000000000000e+00
7.728540544454e+02 3.745798324191e+03 0.000000000000e+00
5.023210154134e+02 3.947366752452e+03 0.000000000000e+00
2.055811976060e+02 4.134836100998e+03 0.000000000000e+00
-1.172166309523e+02 4.305585632668e+03 0.000000000000e+00
-4.657086915644e+02 4.456908690206e+03 0.000000000000e+00
-8.393013032826e+02 4.586026673989e+03 0.000000000000e+00
-1.237156552701e+03 4.690104731605e+03 0.000000000000e+00
-1.658178682889e+03 4.766269178313e+03 0.000000000000e+00
-2.101001366634e+03 4.811626655508e+03 0.000000000000e+00
-2.563976035927e+03 4.823285021377e+03 0.000000000000e+00
-3.045161445519e+03 4.798375953974e+03 0.000000000000e+00
-3.542314653509e+03 4.734079231998e+03 0.000000000000e+00
-4.052883605901e+03 4.627648642631e+03 0.000000000000e+00
-4.574001515060e+03 4.476439448962e+03 0.000000000000e+00
