1     -958.889363615392 217.531639068071
1     -1032.102872204175 120.128348480791
1     -1098.013802341367 9.507754704129
1     -1154.757296670791 -114.174466838489
1     -1200.391555079575 -250.543868591156
1     -1232.918672690187 -398.987438560702
1     1108.946627042356 -803.481579048345
1     1256.027584950623 -718.816851290392
1     1400.991466806134 -613.227665723845
1     1541.364784688225 -485.892571047005
1     1674.455756624798 -336.228173029445
1     1797.370158951876 -163.925888661070
1     141.362145407524 1362.116739983921
1     -5.500138589490 1447.160222066453
1     -169.424996582785 1519.908033601258
1     -349.887082307271 1577.807345562237
1     -546.045739000870 1618.235309264891
1     -756.721095557511 1638.531161986934
1     -1250.308772449880 -558.635160935575
1     -1250.527446361132 -728.343370776060
1     -1231.566470223349 -906.680367877412
1     -1191.477702380954 -1091.914774515232
1     -1128.410017623929 -1282.007136235446
1     -1040.649063394365 -1474.605273325863
1     694.464622150337 126.978141111921
1     715.314590640167 211.946423721394
1     727.613354881934 303.580255449035
1     730.173630727955 401.250597028994
1     721.819072001648 504.162258432048
1     701.403613501014 611.346712039907
1     -457.198607003417 537.934934255793
1     -541.208282504072 513.507395331354
1     -626.714890747201 478.341521736060
1     -712.580025674759 431.723614869430
1     -797.526859432313 373.032524073512
1     -880.143589897156 301.759991578127
1     667.832607367513 721.656728775588
1     620.085637601122 833.763132407304
1     557.240858277410 946.153969181505
1     478.500659589719 1057.136387541593
1     383.218422577416 1164.841515482797
1     270.926078760643 1267.232610630244
1     291.056756247879 -939.188367843659
1     412.017234603053 -953.891480888094
1     540.772944063958 -955.661723885634
1     676.256637081071 -942.961920703103
1     817.173132502158 -914.297646891641
1     961.992593929544 -868.245172069543
1     -4484.846451382680 4455.083267520260
1     -4458.225978318830 4484.749454428530
1     -4537.226072473560 4490.598150776580
1     -4495.672553871720 4501.793854133760
1     -4472.027632097540 4537.821150519640
1     -4526.414766530320 4541.177849398130
1     -1646.086906455050 -6206.545201955640
1     -1694.129553647220 -6188.813334978240
1     -1647.215429219370 -6162.502824404090
1     -1703.087190624480 -6149.303802013480
1     -1602.836021830070 -6126.492132083360
1     -1680.457315885770 -6117.118446703430
1     -3455.941495785390 -3476.657704184890
1     -3417.769927984760 -3474.298320801330
1     -3383.165237140670 -3438.208785717120
1     -3414.335795850650 -3421.189246761270
1     -3452.282925384560 -3409.026947639200
1     -3422.537249172860 -3375.409505270820
1     -1283.325440827690 4638.290141947220
1     -1209.569587439740 4663.046837489060
1     -1302.163429408710 4668.781503887540
1     -1258.985935926070 4684.355510064740
1     -1292.620451693050 4705.444013993100
1     -1229.573362511070 4718.405055599190
1     6130.623033763870 1603.979537766470
1     6167.543159609850 1634.859394323040
1     6127.614327137550 1652.686703521460
1     6199.079258920630 1674.772031068750
1     6167.102844248310 1690.080384185170
1     6120.762517033700 1690.245871297290
1     4694.207212006740 -1288.735780537690
1     4746.438648019990 -1268.406720960920
1     4650.353070787180 -1260.897425309760
1     4730.948525055730 -1225.705974370490
1     4694.520039000860 -1222.702961623190
1     4646.035971175830 -1215.634755503730
1     947.019909017705 3535.689749532720
1     907.683872020109 3548.251847383440
1     981.157327887673 3548.444683692650
1     1008.036927046160 3573.295061946150
1     970.739398814917 3587.368508022710
1     935.102272615768 3599.993561592920
1     -3558.505595805040 -1000.480358195700
1     -3605.440995444050 -970.879919734336
1     -3522.840855081490 -964.407980156763
1     -3558.184286022870 -941.435571067951
1     -3533.938936749990 -911.202272462814
1     -3599.436056442620 -905.187673270292
1     1977.229684444800 1957.424128463440
1     2033.593387487480 1959.871621236170
1     1995.558352576000 1988.286935782560
1     1957.101596638000 1991.090668704700
1     2035.418552644550 1995.310862380790
1     2002.952852799690 2034.321148340780
1     -2734.852150632250 689.381696611757
1     -2683.336179621870 690.456439793146
1     -2708.572843677230 715.883127712207
1     -2665.821042243050 744.949704245055
1     -2750.820855523710 748.128065467909
1     -2704.308744474880 765.839630269978
1     2605.888047567900 -2653.606197330900
1     2641.521215265950 -2640.316361749430
1     2571.553923273070 -2632.900393765360
1     2673.557470328320 -2623.046995715760
1     2604.401178069750 -2586.407219652120
1     2639.041577628620 -2568.702856407400
1     728.373547929165 -2773.586257434690
1     768.655782721598 -2758.778965185440
1     721.489239971539 -2718.125455814670
1     781.529547514275 -2707.103209761820
1     681.725571688592 -2699.092040817890
1     757.937025200109 -2674.704625427360
1     -1523.211156827730 1462.045857172440
1     -1530.424834839190 1509.417762691740
1     -1467.533991993280 1529.852420598320
1     -1569.529808179710 1533.632853629900
1     -1506.796298611260 1539.967209215190
1     -1548.555958488020 1565.050723273870
1     -566.472094199912 -2130.150380046310
1     -510.565633103198 -2098.650576478650
1     -569.733848341137 -2092.256563875500
1     -612.085349060975 -2079.028900659060
1     -534.640142857140 -2055.701759800340
1     -563.783431548541 -2021.707049483980
1     2053.062878799980 506.583505527337
1     2095.573116324500 515.846105807795
1     2030.849766486780 541.002903245744
1     2070.617288974310 556.206053256166
1     2121.848078529360 576.610356218733
1     2065.483482359010 591.837071897727
1     -237.266015146920 -664.913075367713
1     -174.106308136095 -725.453819052748
1     -100.898464134734 -781.921777185094
1     -17.593605053196 -832.974211898424
1     75.707787430665 -877.194782505560
1     178.739976396142 -913.106703618033
1     -30.989554113427 505.944705519493
1     -89.773319298826 528.091341526674
1     -154.041729391488 544.713478843982
1     -223.448136526850 554.910822245972
1     -297.526512007740 557.776631528686
1     -375.684664996232 552.410894432403
1     453.655744946832 -226.134611645566
1     502.227176930117 -186.299695668502
1     548.756575158430 -138.952688526074
1     592.290937163348 -83.943648462440
1     631.811988545024 -21.222798066265
1     666.244200403861 49.147016482781
1     -422.666190833404 -279.810093873927
1     -412.453857631291 -341.791645858172
1     -394.714845766942 -405.760790317907
1     -368.842800636497 -470.967173783532
1     -334.285476537284 -536.553833462421
1     -290.559535407629 -601.557910915185
1     108.522856100708 -139.613879897732
1     -52.517743156285 79.499438436357
1     67.120213029270 -52.781234548164
1     -117.052836629976 -48.876979507427
1     28.629615691555 9.353768390051
1     -18.738707948545 162.152462650784
1     -16.481978366727 61.171983391238
1     -6.779626741445 -37.762012797657
1     97.957405722367 58.362814741216
1     -131.925269315514 47.416498185948
1     -86.853379734261 48.778630178079
1     142.413727780616 122.035153992666
1     -1.232654099012 -92.077660490477
1     32.695218420285 -67.981857092605
1     -39.186799938404 13.688266045874
1     -182.503779221003 3.822415068961
1     35.260353730776 80.432440821664
1     137.880030777089 63.992228402326
1     -41.661875970503 -44.985182246825
1     45.757569152492 -21.476596291590
1     146.309328883481 14.847562910915
1     170.434888656479 -49.317466536382
1     71.106220802356 -96.970823268830
1     -43.779868242162 128.783647253471
1     94.886238890409 133.425917958530
1     -82.032740784454 153.857666098504
1     9.503522003868 115.772387334762
1     25.637077320396 -160.932619422329
1     -45.995839922812 -106.202628048387
1     62.041275648536 111.239379635051
1     98.413651389529 -74.336623103279
1     63.433290552469 168.197605838239
1     -58.630329579893 -149.420527392482
1     177.385060597063 61.536390180798
1     -76.106610508571 -65.474622590707
1     -130.024982834191 -106.005988590710
1     70.798639195161 6.748676241984
1     -108.832204609468 -2.055823481131
1     65.310412565872 -164.230193925140
1     -181.202251861334 54.110468966059
1     -75.331710336791 15.056491546005
1     186.828364471367 25.594702482597
1     -184.431398149619 -57.970095941989
1     51.612950911679 37.707611258260
1     -60.787287340754 -186.193104660183
1     -157.324779850997 94.820095830623
1     144.339563356104 -114.443623918339
1     -160.007308896495 -24.733962263082
1     11.680655301736 192.772256713035
1     175.812229387751 -94.403485330521
1     32.248426107051 144.425423811713
1     -19.990792977367 -138.266091593884
1     -109.717820444788 99.407750714156
1     105.571823524254 23.181295024521
1     198.587752024729 -15.072683024607
1     -149.370026181804 -76.610755275644
1     39.116808848820 -117.051109689276
1     -90.291696353090 -122.365377726980
1     -2.972314860386 26.602155817755
1     123.305720010553 -36.119437807627
1     -126.097968564406 -147.927426472447
1     -95.927743701618 -168.337774869138
1     -75.967675174372 -26.334247817570
1     -119.569705810927 146.261975056715
1     -52.557955684381 187.321864189425
1     -8.181179991219 -191.705300508914
1     -144.360841713549 7.685423736729
1     98.932507913823 172.705859820369
1     111.497242873800 99.361198811454
1     -22.148348866400 100.568292059169
1     141.228532703757 -76.786834795682
1     170.218205838804 100.068560306746
1     38.559887028973 -195.744045785476
1     -166.626800319457 -107.246279506390
1     89.188968070787 -24.254603824107
1     193.465992184079 -161.058173026884
1     198.674341044251 -197.923894219220
1     -187.696331225679 234.918359520469
1     132.538949969822 -205.238095090962
1     -280.264009512306 96.802406241558
1     79.326009164587 -290.443466684407
1     -131.902641803097 -215.313205049493
1     281.756087672794 139.003055555966
1     -163.852244135655 -191.033800595310
1     199.902946450056 174.745614239690
1     -84.654512705309 -239.677895861503
1     -229.303661892099 -82.362514855902
1     54.653621961403 -246.897510639441
1     -146.490489978157 206.642556752327
1     -289.746682245742 55.280715981258
1     -164.567366276344 -237.575685605089
1     -267.856087230742 18.130811428144
1     -119.163412575219 282.440518672778
1     279.036366490598 -125.350896397866
1     -227.377740459333 61.256370656952
1     -255.900127909143 160.088988563414
1     94.260617397992 221.473733745172
1     263.830689700453 48.986693039235
1     118.164259442750 -256.722652777950
1     115.341871858089 -174.537241733162
1     -63.742012014438 277.427187231346
1     -102.292914470274 217.074881905135
1     243.210408528713 -102.381152464306
1     167.903838689869 240.269205837340
1     -42.706594015840 231.203426173413
1     -231.336653160038 194.530765897592
1     242.160486494452 95.552254289096
1     -216.848663654606 -36.833147290720
1     137.156447883807 257.391614785470
1     53.979833279741 261.589376302243
1     -181.477806365418 -139.924960245965
1     10.507253488567 -246.617070643073
1     -107.547525635574 -273.363730954463
1     -218.989095612422 145.268974979616
1     -276.253143448453 -117.030804149759
1     -161.490481874857 130.958816818198
1     157.092888969618 -166.298545366016
1     -20.478599506348 300.043976181264
1     224.039107590935 145.917070720882
1     212.851908217513 -69.616813004758
1     -231.414615136614 109.120008265700
1     12.833880907629 263.144019465832
1     177.137689288007 143.530059970600
1     280.997242636845 -10.733074480683
1     -200.533198492232 -200.999753743093
1     246.310789553504 -160.447473308788
1     -241.647877304509 -198.134057327249
1     -214.222069859137 -167.742012032917
1     -271.064948644031 -76.472065172008
1     -40.130267007033 -273.428709017303
1     225.101310720617 63.033655654694
1     169.100514866301 -221.545085589204
1     236.018879268381 195.726219216315
1     92.183334881739 274.562812689720
1     -278.839456152631 -39.154532786150
1     305.321049987995 -68.045340088933
1     -180.379095746543 189.615368089262
1     26.055562738232 311.787734806886
1     -131.807994386868 240.428079439833
1     -215.753580932135 -130.106333780871
1     235.743063988713 -200.926125746541
1     -20.706373717701 -230.473406313363
1     169.587131861129 -256.908276312842
1     295.690772535049 31.677799627979
1     219.342164841379 -131.213295502449
1     172.903672193429 203.775807417937
1     250.051867264107 9.785662937817
1     -4.045991540177 228.222957965445
1     202.518192934337 222.839742114509
1     205.727275616936 108.563125307957
1     -309.548123943080 23.427242406398
1     -319.794357175387 -86.409819759686
1     416.478995409623 -62.957222763775
1     -383.245255608650 -119.145462387670
1     64.309238081168 392.497057623202
1     86.880338250472 -367.273909765242
1     -168.164433090967 -346.123962661741
1     -40.875550666519 -354.489478335359
1     388.851093470069 -143.102980132544
1     -342.824375403555 -186.930007439657
1     -41.981515149074 416.163075624063
1     -256.358680715271 222.560653558693
1     319.313694357710 -224.990572872633
1     208.891155404085 -330.842922373393
1     413.986412169236 14.878185847238
1     89.827960315234 366.428817556468
1     147.419132857107 -290.825233126889
1     -334.561602426026 110.207975056052
1     330.896972045204 -132.858902812681
1     -346.620994002849 148.727530617861
1     173.502950092450 -314.343037009513
1     136.404447450033 -336.900519440347
1     10.845086131706 -420.028103916982
1     268.178584761501 -243.079829719734
1     -173.064846426149 358.286313998774
1     -309.969991784221 200.650820690063
1     -101.045649186797 -362.477447705590
1     -323.026877421920 -17.167172927167
1     2.495222417039 372.961947199891
1     323.726615945957 134.162272124815
1     328.963669453478 64.317772820926
1     -304.938430946500 141.864500118391
1     230.116737862574 349.541010066754
1     -211.594585226739 -355.024137770831
1     -255.216156473838 -234.860357403536
1     -327.919808391642 61.682957901557
1     342.757483273506 -87.781028137092
1     376.648225612401 2.151671102561
1     357.436691539002 146.803727974988
1     402.903952876424 64.399837681714
1     42.376643984717 -333.661145631337
1     -295.415247513602 -272.587800302057
1     -73.296043051934 394.898060092166
1     -214.657334919110 -292.719783418689
1     208.136490543765 321.617393861064
1     259.918423454923 264.439934369052
1     9.364025174850 -320.795995325881
1     378.246916587314 -57.349499761859
1     -336.752003571453 237.618800782899
1     249.990802350817 -61.901327761077
1     -103.530396348947 -409.933460488219
1     -73.401236227162 -320.316437764235
1     -408.687567297340 3.281950186595
1     84.066924943473 -403.284158263994
1     -354.838401785814 15.099372813808
1     92.139166373240 -328.739638576333
1     150.300425254919 419.509540004275
1     109.044727013728 433.774447050457
1     155.598411540214 366.535654823721
1     120.665123138151 346.404654592835
1     121.490688626007 393.560323609294
1     185.531457970159 389.251612993869
1     -433.566705896858 -77.322011160075
1     -363.076645818335 -79.283176400515
1     -421.748648335534 -31.876672144762
1     -438.962872406930 -125.392009523133
1     -466.430140761788 -97.681718422496
1     -391.160082987717 -54.604250105529
1     318.376295751959 -343.001166874456
1     282.401808539871 -324.949749733019
1     286.448722167297 -276.512158223669
1     250.382843919229 -343.651143671971
1     310.474526876253 -303.275553981864
1     241.466872754203 -306.448488364175
0     116.631289000000 -26.697024000000
